RESULTS REPORT (SINGLE SENTENCE CLASSIFICATION)
Model: RoBERTa
Encoder: roberta-base
Evaluation: test set (5 random seeds)
Max sequence length: 512
Batch size: 16
Dropout rate: 0.2
Learning rate: 1e-05
Freeze layers: True
Adam Epsilon: 1e-08
Weight decay: 0.001
Train time: 00h59m04s
GPU name: Tesla V100-SXM2-16GB
GPU memory: 15.78

Averages:
Epoch Train loss   std    Test loss   std    P (macro) P std  R (macro) R std  F1 (macro) F1 std
  1    2.130798  0.087045  2.004190 0.107786   0.0404  0.0097   0.1444  0.0022   0.0587   0.0131
  2    2.005705  0.062990  1.939107 0.089673   0.0440  0.0120   0.1440  0.0017   0.0570   0.0080
  3    1.949509  0.049040  1.908481 0.080024   0.0423  0.0105   0.1404  0.0051   0.0609   0.0119
  4    1.929147  0.047738  1.899449 0.077156   0.0428  0.0109   0.1412  0.0037   0.0618   0.0135

*** Detailed report ***

Confusion matrices
------------------
Fact: 0 
Argument: 1 
Statute: 2 
Precedent: 3 
RulingByLowerCourt: 4 
RulingByPresentCourt: 5 
RatioOfTheDecision: 6 
=> Iteration 0:
Epoch 1:
[[287 105   0   0   0   0   0]
 [219  97   0   0   0   0   0]
 [ 47 154   0   0   0   0   0]
 [197 204   0   0   0   0   0]
 [ 72  50   0   0   0   0   0]
 [ 24  13   0   0   0   0   0]
 [369 256   0   0   0   0   0]]
Epoch 2:
[[384   8   0   0   0   0   0]
 [300  16   0   0   0   0   0]
 [149  52   0   0   0   0   0]
 [370  31   0   0   0   0   0]
 [116   6   0   0   0   0   0]
 [ 37   0   0   0   0   0   0]
 [589  36   0   0   0   0   0]]
Epoch 3:
[[386   6   0   0   0   0   0]
 [310   6   0   0   0   0   0]
 [169  32   0   0   0   0   0]
 [390  11   0   0   0   0   0]
 [121   1   0   0   0   0   0]
 [ 37   0   0   0   0   0   0]
 [612  13   0   0   0   0   0]]
Epoch 4:
[[388   4   0   0   0   0   0]
 [311   5   0   0   0   0   0]
 [176  25   0   0   0   0   0]
 [393   8   0   0   0   0   0]
 [121   1   0   0   0   0   0]
 [ 37   0   0   0   0   0   0]
 [616   9   0   0   0   0   0]]
=> Iteration 1:
Epoch 1:
[[  0   0   0   0   0   0 392]
 [  0   0   0   0   0   0 316]
 [  0   0   0   0   0   0 201]
 [  0   0   0   0   0   0 401]
 [  0   0   0   0   0   0 122]
 [  0   0   0   0   0   0  37]
 [  0   0   0   0   0   0 625]]
Epoch 2:
[[  0   0   0   0   0   0 392]
 [  0   0   0   0   0   0 316]
 [  0   0   0   0   0   0 201]
 [  0   0   0   0   0   0 401]
 [  0   0   0   0   0   0 122]
 [  0   0   0   0   0   0  37]
 [  0   0   0   0   0   0 625]]
Epoch 3:
[[  0   0   0   0   0   0 392]
 [  0   0   0   0   0   0 316]
 [  0   0   0   0   0   0 201]
 [  0   0   0   0   0   0 401]
 [  0   0   0   0   0   0 122]
 [  0   0   0   0   0   0  37]
 [  0   0   0   0   0   0 625]]
Epoch 4:
[[  0   0   0   0   0   0 392]
 [  0   0   0   0   0   0 316]
 [  0   0   0   0   0   0 201]
 [  0   0   0   0   0   0 401]
 [  0   0   0   0   0   0 122]
 [  0   0   0   0   0   0  37]
 [  0   0   0   0   0   0 625]]
=> Iteration 2:
Epoch 1:
[[  0 392   0   0   0   0   0]
 [  0 316   0   0   0   0   0]
 [  0 201   0   0   0   0   0]
 [  0 401   0   0   0   0   0]
 [  0 122   0   0   0   0   0]
 [  0  37   0   0   0   0   0]
 [  0 625   0   0   0   0   0]]
Epoch 2:
[[  0 378   0   0   0   0  14]
 [  0 300   0   0   0   0  16]
 [  0 190   0   0   0   0  11]
 [  0 368   0   0   0   0  33]
 [  0 114   0   0   0   0   8]
 [  0  32   0   0   0   0   5]
 [  0 588   0   0   0   0  37]]
Epoch 3:
[[  0 265   0   0   0   0 127]
 [  0 159   0   0   0   0 157]
 [  0 119   0   0   0   0  82]
 [  0 207   0   0   0   0 194]
 [  0  70   0   0   0   0  52]
 [  0  11   0   0   0   0  26]
 [  0 370   0   0   0   0 255]]
Epoch 4:
[[  0 214   0   0   0   0 178]
 [  0 120   0   0   0   0 196]
 [  0  92   0   0   0   0 109]
 [  0 156   0   0   0   0 245]
 [  0  52   0   0   0   0  70]
 [  0   7   0   0   0   0  30]
 [  0 277   0   0   0   0 348]]
=> Iteration 3:
Epoch 1:
[[390   2   0   0   0   0   0]
 [310   6   0   0   0   0   0]
 [200   1   0   0   0   0   0]
 [379  22   0   0   0   0   0]
 [122   0   0   0   0   0   0]
 [ 33   4   0   0   0   0   0]
 [613  12   0   0   0   0   0]]
Epoch 2:
[[392   0   0   0   0   0   0]
 [316   0   0   0   0   0   0]
 [201   0   0   0   0   0   0]
 [400   1   0   0   0   0   0]
 [122   0   0   0   0   0   0]
 [ 37   0   0   0   0   0   0]
 [625   0   0   0   0   0   0]]
Epoch 3:
[[392   0   0   0   0   0   0]
 [316   0   0   0   0   0   0]
 [201   0   0   0   0   0   0]
 [401   0   0   0   0   0   0]
 [122   0   0   0   0   0   0]
 [ 37   0   0   0   0   0   0]
 [625   0   0   0   0   0   0]]
Epoch 4:
[[392   0   0   0   0   0   0]
 [316   0   0   0   0   0   0]
 [201   0   0   0   0   0   0]
 [401   0   0   0   0   0   0]
 [122   0   0   0   0   0   0]
 [ 37   0   0   0   0   0   0]
 [625   0   0   0   0   0   0]]
=> Iteration 4:
Epoch 1:
[[  0   0   0   0   0   0 392]
 [  0   0   0   0   0   0 316]
 [  0   0   0   0   0   0 201]
 [  0   0   0   0   0   0 401]
 [  0   0   0   0   0   0 122]
 [  0   0   0   0   0   0  37]
 [  0   0   0   0   0   0 625]]
Epoch 2:
[[  0   0   0   0   0   0 392]
 [  0   0   0   0   0   0 316]
 [  0   0   0   0   0   0 201]
 [  0   0   0   0   0   0 401]
 [  0   0   0   0   0   0 122]
 [  0   0   0   0   0   0  37]
 [  0   0   0   0   0   0 625]]
Epoch 3:
[[  0   0   0   0   0   0 392]
 [  0   0   0   0   0   0 316]
 [  0   0   0   0   0   0 201]
 [  0   0   0   0   0   0 401]
 [  0   0   0   0   0   0 122]
 [  0   0   0   0   0   0  37]
 [  0   0   0   0   0   0 625]]
Epoch 4:
[[  0   0   0   0   0   0 392]
 [  0   0   0   0   0   0 316]
 [  0   0   0   0   0   0 201]
 [  0   0   0   0   0   0 401]
 [  0   0   0   0   0   0 122]
 [  0   0   0   0   0   0  37]
 [  0   0   0   0   0   0 625]]

Scores
------
Epoch: 1
             Train loss  Test loss  P (macro)  R (macro)  F1 (macro)
Iteration 0    2.193783   2.145223   0.049510   0.148444    0.074219
Iteration 1    2.153174   1.969637   0.042639   0.142857    0.065675
Iteration 2    2.245460   2.101844   0.021558   0.142857    0.037463
Iteration 3    2.019292   1.959714   0.045455   0.144841    0.050409
Iteration 4    2.042282   1.844532   0.042639   0.142857    0.065675

Epoch: 2
             Train loss  Test loss  P (macro)  R (macro)  F1 (macro)
Iteration 0    2.072172   2.069207   0.043545   0.147175    0.056778
Iteration 1    2.023883   1.902021   0.042639   0.142857    0.065675
Iteration 2    2.068373   2.006693   0.064382   0.144081    0.051609
Iteration 3    1.919552   1.905932   0.026756   0.142857    0.045070
Iteration 4    1.944546   1.811684   0.042639   0.142857    0.065675

Epoch: 3
             Train loss  Test loss  P (macro)  R (macro)  F1 (macro)
Iteration 0    2.008045   2.029364   0.039653   0.143383    0.050082
Iteration 1    1.958608   1.871356   0.042639   0.142857    0.065675
Iteration 2    1.994468   1.963427   0.059706   0.130166    0.077942
Iteration 3    1.884403   1.880297   0.026743   0.142857    0.045052
Iteration 4    1.902022   1.797960   0.042639   0.142857    0.065675

Epoch: 4
             Train loss  Test loss  P (macro)  R (macro)  F1 (macro)
Iteration 0    1.989346   2.017202   0.040881   0.143660    0.049427
Iteration 1    1.935930   1.862451   0.042639   0.142857    0.065675
Iteration 2    1.970114   1.951086   0.060948   0.133792    0.082992
Iteration 3    1.864682   1.872628   0.026743   0.142857    0.045052
Iteration 4    1.885666   1.793878   0.042639   0.142857    0.065675

