RESULTS REPORT (SINGLE SENTENCE CLASSIFICATION)
Model: RoBERTa
Encoder: roberta-base
Evaluation: test set (5 random seeds)
Max sequence length: 512
Batch size: 8
Dropout rate: 0.2
Learning rate: 1e-05
Freeze layers: False
Adam Epsilon: 1e-08
Weight decay: 0.001
Train time: 02h57m11s
GPU name: Tesla V100-SXM2-16GB
GPU memory: 15.78

Averages:
Epoch Train loss   std    Test loss   std    P (macro) P std  R (macro) R std  F1 (macro) F1 std
  1    1.372884  0.008915  1.169634 0.035745   0.6131  0.0213   0.5221  0.0214   0.5391   0.0207
  2    1.126126  0.003968  1.142455 0.015688   0.5885  0.0207   0.5500  0.0228   0.5553   0.0151
  3    1.045198  0.001396  1.173050 0.016027   0.5994  0.0237   0.5480  0.0163   0.5565   0.0051
  4    0.976976  0.003136  1.166548 0.014995   0.5822  0.0136   0.5477  0.0098   0.5571   0.0100

*** Detailed report ***

Confusion matrices
------------------
Fact: 0 
Argument: 1 
Statute: 2 
Precedent: 3 
RulingByLowerCourt: 4 
RulingByPresentCourt: 5 
RatioOfTheDecision: 6 
=> Iteration 0:
Epoch 1:
[[291  14   5  15   2   1  64]
 [ 33 192   1  32   0   0  58]
 [ 13   5 110   4   0   0  69]
 [ 55  11   9 171   1   0 154]
 [ 50  10   1  20   4   2  35]
 [  6   0   0   3   0  13  15]
 [ 78  54   5  49   0   1 438]]
Epoch 2:
[[233  36   4  24  19   6  70]
 [ 17 212   5  41   0   1  40]
 [  8  11 127  22   0   1  32]
 [ 32  16  14 270   9   1  59]
 [ 22  14   0  22  25  11  28]
 [  1   1   0   6   1  20   8]
 [ 39  39   8 182   7   8 342]]
Epoch 3:
[[309  12   3   4  11   2  51]
 [ 42 207   6  16   0   0  45]
 [ 14   9 137   3   0   0  38]
 [ 59  24  16 158   4   0 140]
 [ 48  15   1   7  23   4  24]
 [  4   1   0   2   0  17  13]
 [ 99  58  18  50   4   4 392]]
Epoch 4:
[[268  18   3  11  15   2  75]
 [ 30 195   7  26   0   1  57]
 [ 12   4 133   5   0   1  46]
 [ 44  13  17 185   8   0 134]
 [ 33   8   1  13  29   6  32]
 [  3   1   0   2   0  20  11]
 [ 58  36  16  69   6   7 433]]
=> Iteration 1:
Epoch 1:
[[287   1   1   6  23   6  68]
 [ 66 159   1  21   2   0  67]
 [ 13   1 117   3   0   0  67]
 [ 63   5   8 164   5   0 156]
 [ 48   3   1   8  24   5  33]
 [  5   0   0   0   1  18  13]
 [ 83   9   1  49  11   6 466]]
Epoch 2:
[[294   5   3   2  23   2  63]
 [ 55 181   4  16   2   0  58]
 [ 11   5 131   2   0   0  52]
 [ 64  14  12 126   8   0 177]
 [ 49   8   0   6  29   5  25]
 [  5   0   0   0   4  17  11]
 [ 77  13   7  23  14   6 485]]
Epoch 3:
[[223  32   5  16  18   5  93]
 [ 23 207   9  23   0   1  53]
 [  5   6 144   5   0   1  40]
 [ 40  21  18 178   8   0 136]
 [ 25  18   2  16  25  11  25]
 [  3   0   0   3   1  21   9]
 [ 38  41  21  64   7  10 444]]
Epoch 4:
[[236  23   5  12  16   4  96]
 [ 27 200   7  24   1   0  57]
 [  7   4 134   7   0   1  48]
 [ 44  18  16 186   6   0 131]
 [ 31  15   1  15  25   6  29]
 [  3   0   0   3   2  20   9]
 [ 48  33  20  63   8   8 445]]
=> Iteration 2:
Epoch 1:
[[283   4   8   7   5   5  80]
 [ 29 165   7  30   0   0  85]
 [ 11   1 139   3   0   0  47]
 [ 53   6  21 152   2   1 166]
 [ 42   4   6  10  10   8  42]
 [  5   0   0   0   0  17  15]
 [ 64   8  18  48   1   8 478]]
Epoch 2:
[[250  29   4  26  16   2  65]
 [ 22 202  10  35   1   0  46]
 [ 12   5 135  12   0   0  37]
 [ 37  16  16 219   8   0 105]
 [ 34  14   2  24  18   4  26]
 [  3   0   0   2   2  14  16]
 [ 60  45  16 130  11   3 360]]
Epoch 3:
[[294  14   5   8  16   6  49]
 [ 32 203  10  23   1   3  44]
 [ 12   3 143   5   0   1  37]
 [ 51  21  24 170   9   0 126]
 [ 40  12   4   6  33   8  19]
 [  4   0   0   2   0  23   8]
 [ 81  43  28  57  16  11 389]]
Epoch 4:
[[255  20   4  14  15   4  80]
 [ 25 202   8  30   1   0  50]
 [  8   6 132   8   0   1  46]
 [ 42  15  16 186   6   0 136]
 [ 33  13   2  16  24   7  27]
 [  2   1   0   2   2  18  12]
 [ 58  43  17  75  11  10 411]]
=> Iteration 3:
Epoch 1:
[[304  18   1   4  19   4  42]
 [ 43 210   5  16   4   0  38]
 [ 22   8 132   3   1   0  35]
 [ 60  20  20 162   6   0 133]
 [ 46  14   2   6  30   5  19]
 [ 10   0   0   0   3  14  10]
 [105  70  14  52  10   4 370]]
Epoch 2:
[[263   3  10   2  20   6  88]
 [ 44 176   7  17   1   1  70]
 [ 10   1 151   2   0   1  36]
 [ 51  11  24 150  13   1 151]
 [ 32   5   3   6  34  12  30]
 [  2   0   0   4   1  23   7]
 [ 58  17  24  42   6  18 460]]
Epoch 3:
[[247  28   2  10  11   3  91]
 [ 23 209   2  24   0   0  58]
 [  7   9 122   2   0   1  60]
 [ 43  26  10 161   4   0 157]
 [ 31  15   0   7  23   7  39]
 [  3   0   0   2   0  19  13]
 [ 37  56   8  47   1   6 470]]
Epoch 4:
[[265  16   2  10  17   3  79]
 [ 29 204   6  26   2   0  49]
 [ 11   8 134   5   0   2  41]
 [ 42  18  14 185   9   0 133]
 [ 36  13   1   8  27   9  28]
 [  4   1   0   4   3  16   9]
 [ 56  49  14  70   8  10 418]]
=> Iteration 4:
Epoch 1:
[[253   4   9  22  22   2  80]
 [ 19 184   9  41   7   0  56]
 [  5   1 141   3   1   0  50]
 [ 30  10  19 187  14   1 140]
 [ 29   4   6  16  29   4  34]
 [  4   0   0   0   1  18  14]
 [ 40  15  24  59  11   6 470]]
Epoch 2:
[[295   7   4   9  23   6  48]
 [ 37 192  12  27   3   0  45]
 [ 12   5 137   8   0   1  38]
 [ 44  16  17 199  10   0 115]
 [ 40   8   1   7  35   7  24]
 [  3   0   0   0   1  22  11]
 [ 96  11  19  87  14  10 388]]
Epoch 3:
[[302   4   3   5  13   2  63]
 [ 53 184   7  19   0   0  53]
 [ 11   3 136   5   0   0  46]
 [ 62  16  14 174   4   0 131]
 [ 53   6   0   9  24   4  26]
 [  5   0   0   2   3  14  13]
 [ 81  30  13  61   8   5 427]]
Epoch 4:
[[264  16   4  15  19   2  72]
 [ 28 204   9  27   0   1  47]
 [ 10   8 141   8   0   1  33]
 [ 41  20  16 192   9   0 123]
 [ 32  14   2  17  26   6  25]
 [  3   1   0   2   1  21   9]
 [ 47  51  20  83  10   9 405]]

Scores
------
Epoch: 1
             Train loss  Test loss  P (macro)  R (macro)  F1 (macro)
Iteration 0    1.373203   1.211101   0.643976   0.486940    0.510131
Iteration 1    1.367222   1.173189   0.625020   0.522169    0.547772
Iteration 2    1.389761   1.158923   0.611466   0.517273    0.524637
Iteration 3    1.369752   1.196938   0.579934   0.531008    0.541921
Iteration 4    1.364483   1.108022   0.605218   0.553101    0.570942

Epoch: 2
             Train loss  Test loss  P (macro)  R (macro)  F1 (macro)
Iteration 0    1.131706   1.141665   0.571925   0.551870    0.551571
Iteration 1    1.126601   1.171778   0.624430   0.537415    0.557305
Iteration 2    1.122714   1.139500   0.564842   0.513813    0.530295
Iteration 3    1.128817   1.133803   0.590113   0.569928    0.559935
Iteration 4    1.120791   1.125529   0.591412   0.577182    0.577187

Epoch: 3
             Train loss  Test loss  P (macro)  R (macro)  F1 (macro)
Iteration 0    1.044589   1.178892   0.617494   0.542017    0.556615
Iteration 1    1.045276   1.148777   0.568014   0.552448    0.550478
Iteration 2    1.043484   1.193000   0.573500   0.577472    0.565606
Iteration 3    1.044922   1.183732   0.624490   0.536285    0.556050
Iteration 4    1.047719   1.160851   0.613258   0.531645    0.553533

Epoch: 4
             Train loss  Test loss  P (macro)  R (macro)  F1 (macro)
Iteration 0    0.975058   1.145780   0.606229   0.556407    0.571000
Iteration 1    0.982789   1.161865   0.585809   0.546131    0.557010
Iteration 2    0.974756   1.187802   0.567383   0.535874    0.544274
Iteration 3    0.977777   1.178905   0.571991   0.538878    0.548223
Iteration 4    0.974502   1.158388   0.579371   0.561145    0.565048

