RESULTS REPORT (SINGLE SENTENCE CLASSIFICATION)
Model: InCaseLaw
Encoder: law-ai/InCaseLawBERT
Dataset: facts
Evaluation: development set (3 random seeds)
Max sequence length: 512
Batch size: 16
Dropout rate: 0.2
Learning rate (encoder): 1e-05
Number of epochs (encoder): 4
Stop epoch (encoder): 2
Embedding dim (encoder): 768
Learning rate (classifier): 0.0001
Number of epochs (classifier): 200
Hidden dim (classifier): 100
Adam Epsilon: 1e-08
Weight decay: 0.001
Train time: 00h59m36s
GPU name: Tesla V100-SXM2-16GB
GPU memory: 15.78

Averages:
Epoch Train loss   std    Test loss   std    P (macro) P std  R (macro) R std  F1 (macro) F1 std
   1   1.086073  0.045397  0.989726 0.037377   0.3471  0.0179   0.3539  0.0106   0.2803   0.0414
   2   1.028462  0.040342  0.920352 0.032114   0.3439  0.0482   0.3453  0.0128   0.2890   0.0448
   3   0.986616  0.035238  0.873902 0.027716   0.3073  0.0373   0.3373  0.0048   0.2992   0.0107
   4   0.956856  0.032986  0.845255 0.024824   0.2928  0.0318   0.3366  0.0047   0.2977   0.0121
   5   0.937372  0.031143  0.827579 0.023248   0.2984  0.0323   0.3359  0.0036   0.2973   0.0115
   6   0.922227  0.029168  0.815382 0.022324   0.3167  0.0464   0.3358  0.0032   0.2972   0.0112
   7   0.911428  0.028786  0.806063 0.021519   0.3534  0.0924   0.3356  0.0024   0.2973   0.0105
   8   0.901338  0.028468  0.798983 0.020858   0.4091  0.0608   0.3358  0.0021   0.2979   0.0101
   9   0.892691  0.028080  0.793452 0.020639   0.4015  0.0532   0.3358  0.0017   0.2982   0.0096
  10   0.884428  0.028046  0.788290 0.020799   0.4460  0.0862   0.3367  0.0006   0.3005   0.0075
  11   0.876509  0.026525  0.782853 0.020808   0.4610  0.0947   0.3375  0.0006   0.3024   0.0059
  12   0.867991  0.026196  0.777273 0.020450   0.5098  0.0431   0.3387  0.0013   0.3002   0.0022
  13   0.860154  0.026591  0.771970 0.019823   0.5448  0.0076   0.3408  0.0009   0.3043   0.0018
  14   0.853316  0.025142  0.767165 0.019088   0.5637  0.0227   0.3427  0.0015   0.3081   0.0033
  15   0.845810  0.024289  0.762751 0.018535   0.5436  0.0334   0.3443  0.0015   0.3117   0.0033
  16   0.837709  0.023796  0.758145 0.018286   0.5205  0.0585   0.3445  0.0022   0.3127   0.0041
  17   0.829668  0.023271  0.753177 0.018066   0.4999  0.0578   0.3453  0.0022   0.3150   0.0043
  18   0.823368  0.023611  0.747921 0.017919   0.4926  0.0603   0.3459  0.0019   0.3165   0.0039
  19   0.814605  0.023081  0.742925 0.017712   0.4769  0.0685   0.3460  0.0018   0.3179   0.0046
  20   0.805961  0.021724  0.738272 0.017295   0.4578  0.0725   0.3460  0.0022   0.3192   0.0042
  21   0.797215  0.022600  0.733379 0.016908   0.4440  0.0738   0.3461  0.0019   0.3207   0.0029
  22   0.789101  0.022149  0.728213 0.016620   0.4329  0.0678   0.3468  0.0012   0.3231   0.0023
  23   0.780796  0.021732  0.723199 0.016025   0.4281  0.0648   0.3486  0.0016   0.3274   0.0017
  24   0.772285  0.022224  0.717829 0.015583   0.4139  0.0567   0.3480  0.0020   0.3277   0.0018
  25   0.762579  0.020863  0.712466 0.015348   0.4034  0.0506   0.3481  0.0031   0.3291   0.0029
  26   0.753040  0.020818  0.708243 0.014514   0.3910  0.0397   0.3483  0.0029   0.3312   0.0015
  27   0.743880  0.019877  0.704264 0.013392   0.3831  0.0342   0.3490  0.0027   0.3342   0.0008
  28   0.732527  0.019911  0.697313 0.013889   0.3814  0.0334   0.3497  0.0048   0.3358   0.0040
  29   0.723591  0.019813  0.691565 0.014105   0.3714  0.0233   0.3488  0.0050   0.3353   0.0059
  30   0.712611  0.018463  0.687794 0.013264   0.3641  0.0183   0.3486  0.0052   0.3370   0.0059
  31   0.701264  0.018443  0.680847 0.012818   0.3623  0.0177   0.3491  0.0071   0.3378   0.0107
  32   0.691179  0.017268  0.675807 0.013521   0.3612  0.0160   0.3501  0.0066   0.3407   0.0085
  33   0.680598  0.016428  0.671033 0.012302   0.3650  0.0135   0.3549  0.0046   0.3488   0.0046
  34   0.668777  0.016081  0.661110 0.016149   0.3597  0.0058   0.3516  0.0045   0.3436   0.0076
  35   0.657517  0.016301  0.656573 0.010804   0.3614  0.0082   0.3537  0.0043   0.3473   0.0057
  36   0.645409  0.014156  0.662595 0.013823   0.3586  0.0065   0.3562  0.0071   0.3513   0.0097
  37   0.635683  0.013153  0.643880 0.016545   0.3539  0.0106   0.3496  0.0084   0.3410   0.0122
  38   0.626119  0.010612  0.654989 0.005735   0.4751  0.1539   0.3629  0.0062   0.3617   0.0088
  39   0.618983  0.006997  0.655400 0.010090   0.4764  0.1532   0.3640  0.0048   0.3629   0.0079
  40   0.613627  0.007162  0.639407 0.013326   0.4643  0.1503   0.3534  0.0100   0.3479   0.0138
  41   0.606462  0.005434  0.649360 0.010759   0.4720  0.1460   0.3611  0.0089   0.3593   0.0089
  42   0.601261  0.003400  0.648116 0.006922   0.4736  0.1570   0.3617  0.0124   0.3584   0.0181
  43   0.597904  0.008047  0.644916 0.014540   0.4698  0.1494   0.3575  0.0123   0.3516   0.0182
  44   0.592203  0.002973  0.666148 0.015408   0.4810  0.1564   0.3725  0.0060   0.3726   0.0084
  45   0.592665  0.010191  0.662050 0.022490   0.4745  0.1500   0.3657  0.0077   0.3651   0.0077
  46   0.585411  0.004135  0.650939 0.026465   0.4668  0.1466   0.3578  0.0170   0.3514   0.0207
  47   0.586066  0.009256  0.669635 0.027794   0.4787  0.1621   0.3687  0.0198   0.3628   0.0297
  48   0.582207  0.003184  0.665311 0.035003   0.4836  0.1588   0.3729  0.0134   0.3722   0.0165
  49   0.579113  0.009261  0.645045 0.012848   0.4762  0.1399   0.3647  0.0135   0.3632   0.0142
  50   0.573284  0.002932  0.653289 0.017914   0.4762  0.1463   0.3624  0.0168   0.3569   0.0217
  51   0.573463  0.005070  0.677941 0.031805   0.4815  0.1553   0.3730  0.0201   0.3697   0.0299
  52   0.569668  0.004476  0.645200 0.018477   0.4777  0.1439   0.3667  0.0137   0.3676   0.0152
  53   0.569838  0.006920  0.643610 0.018842   0.4762  0.1391   0.3632  0.0134   0.3617   0.0141
  54   0.565465  0.003325  0.679687 0.047082   0.4262  0.0748   0.3740  0.0202   0.3713   0.0283
  55   0.567420  0.006008  0.666085 0.060543   0.4293  0.0731   0.3743  0.0218   0.3725   0.0297
  56   0.565269  0.001134  0.645581 0.013975   0.5004  0.1230   0.3648  0.0097   0.3668   0.0077
  57   0.562711  0.001721  0.629166 0.021790   0.4830  0.1312   0.3629  0.0178   0.3610   0.0209
  58   0.560992  0.002353  0.670899 0.042660   0.4280  0.0726   0.3744  0.0207   0.3726   0.0278
  59   0.562751  0.003199  0.696688 0.020972   0.4595  0.0906   0.3767  0.0099   0.3787   0.0104
  60   0.558812  0.007197  0.632288 0.037352   0.5220  0.1092   0.3697  0.0105   0.3735   0.0086
  61   0.559275  0.001980  0.643655 0.025773   0.4288  0.0608   0.3663  0.0219   0.3644   0.0280
  62   0.559224  0.003236  0.687548 0.044488   0.4339  0.0898   0.3733  0.0200   0.3717   0.0301
  63   0.552058  0.001886  0.647710 0.042687   0.5190  0.1111   0.3776  0.0164   0.3837   0.0155
  64   0.556468  0.003188  0.659315 0.022366   0.6282  0.1313   0.3811  0.0258   0.3866   0.0303
  65   0.552486  0.002461  0.683722 0.045778   0.5399  0.1394   0.3775  0.0187   0.3780   0.0246
  66   0.552562  0.004934  0.666758 0.084701   0.4792  0.0548   0.3766  0.0098   0.3801   0.0145
  67   0.548240  0.000843  0.659859 0.016037   0.4766  0.0608   0.3775  0.0204   0.3827   0.0197
  68   0.555039  0.004825  0.692529 0.045105   0.4991  0.1308   0.3657  0.0129   0.3619   0.0156
  69   0.550049  0.003549  0.641112 0.038091   0.4817  0.0563   0.3671  0.0092   0.3689   0.0062
  70   0.551859  0.002960  0.674038 0.069824   0.5002  0.0499   0.3837  0.0095   0.3921   0.0197
  71   0.545513  0.000708  0.708972 0.052815   0.5804  0.0912   0.3752  0.0033   0.3800   0.0023
  72   0.549776  0.001959  0.701196 0.060095   0.5015  0.1332   0.3676  0.0058   0.3676   0.0045
  73   0.542702  0.002211  0.670334 0.053565   0.4956  0.0410   0.3864  0.0125   0.3967   0.0205
  74   0.543809  0.000347  0.670307 0.053047   0.5133  0.0545   0.3987  0.0154   0.4130   0.0185
  75   0.542576  0.002622  0.695443 0.042307   0.6318  0.0674   0.3762  0.0202   0.3826   0.0260
  76   0.541879  0.006396  0.650861 0.033097   0.5532  0.0919   0.3816  0.0297   0.3892   0.0410
  77   0.544447  0.003341  0.663046 0.064229   0.6320  0.1090   0.3871  0.0132   0.3987   0.0160
  78   0.540588  0.003627  0.739913 0.065388   0.5515  0.0265   0.3873  0.0181   0.3974   0.0288
  79   0.542532  0.007348  0.726955 0.064996   0.4915  0.0971   0.3801  0.0200   0.3871   0.0314
  80   0.537818  0.004637  0.656897 0.040413   0.4942  0.0504   0.3916  0.0211   0.4033   0.0279
  81   0.535505  0.002688  0.688619 0.039702   0.5318  0.0326   0.3951  0.0161   0.4065   0.0190
  82   0.536545  0.004411  0.700139 0.031082   0.5619  0.0972   0.3857  0.0181   0.3950   0.0257
  83   0.534830  0.002209  0.667292 0.045051   0.5607  0.0955   0.3896  0.0229   0.4015   0.0313
  84   0.536577  0.007092  0.684763 0.064833   0.4953  0.0487   0.3922  0.0185   0.4040   0.0244
  85   0.531662  0.003422  0.758467 0.082212   0.5215  0.0624   0.3848  0.0229   0.3949   0.0347
  86   0.538277  0.009999  0.704277 0.026859   0.5726  0.0850   0.3932  0.0226   0.4058   0.0290
  87   0.533488  0.006529  0.683218 0.074461   0.5946  0.0246   0.3994  0.0166   0.4161   0.0193
  88   0.532185  0.003533  0.722521 0.041375   0.5971  0.0913   0.3940  0.0229   0.4075   0.0304
  89   0.532170  0.003013  0.743747 0.054042   0.6063  0.0606   0.3868  0.0267   0.3973   0.0381
  90   0.528186  0.002805  0.677218 0.066457   0.6196  0.1218   0.3970  0.0270   0.4106   0.0349
  91   0.533166  0.005896  0.688518 0.068878   0.5798  0.0200   0.3957  0.0208   0.4100   0.0292
  92   0.526664  0.002282  0.731400 0.051016   0.5296  0.0524   0.3889  0.0266   0.4003   0.0368
  93   0.532742  0.007130  0.738125 0.067097   0.5187  0.0544   0.3827  0.0244   0.3904   0.0338
  94   0.527696  0.001980  0.694787 0.082960   0.5741  0.0311   0.3980  0.0217   0.4148   0.0285
  95   0.531234  0.003469  0.698150 0.077660   0.5654  0.0089   0.4072  0.0241   0.4257   0.0323
  96   0.527265  0.004843  0.696660 0.022865   0.5814  0.0818   0.3978  0.0288   0.4094   0.0382
  97   0.524725  0.003263  0.686557 0.042237   0.5568  0.0415   0.3983  0.0332   0.4132   0.0435
  98   0.527951  0.002718  0.709837 0.067090   0.5416  0.0174   0.4026  0.0263   0.4209   0.0324
  99   0.524873  0.002824  0.716880 0.046269   0.5067  0.0491   0.3984  0.0293   0.4107   0.0379
 100   0.522833  0.002609  0.683449 0.045667   0.6015  0.0622   0.4005  0.0297   0.4149   0.0407
 101   0.524453  0.001790  0.703028 0.045230   0.5264  0.0260   0.3989  0.0241   0.4130   0.0301
 102   0.527684  0.000621  0.765172 0.072485   0.4866  0.0397   0.3841  0.0127   0.3920   0.0165
 103   0.521177  0.001969  0.705705 0.048591   0.5016  0.0368   0.3916  0.0297   0.4041   0.0414
 104   0.534921  0.007094  0.688748 0.040260   0.6687  0.0710   0.3893  0.0353   0.4001   0.0500
 105   0.521035  0.002114  0.758114 0.074551   0.5049  0.0549   0.3910  0.0208   0.4008   0.0293
 106   0.530859  0.005088  0.808702 0.088936   0.4937  0.0578   0.3900  0.0267   0.4013   0.0385
 107   0.522774  0.002971  0.685650 0.049173   0.5210  0.0517   0.3908  0.0353   0.4026   0.0486
 108   0.527788  0.007755  0.667660 0.044858   0.6749  0.0803   0.3809  0.0293   0.3882   0.0415
 109   0.521839  0.003592  0.731642 0.045118   0.5310  0.0347   0.4022  0.0277   0.4174   0.0361
 110   0.527066  0.007599  0.802632 0.097359   0.4986  0.0613   0.3926  0.0270   0.4041   0.0388
 111   0.521075  0.001736  0.687943 0.047875   0.5234  0.0441   0.3936  0.0264   0.4069   0.0358
 112   0.524683  0.007969  0.686396 0.044342   0.5936  0.0590   0.3843  0.0311   0.3940   0.0450
 113   0.517739  0.003365  0.725173 0.039759   0.5271  0.0269   0.3989  0.0232   0.4120   0.0283
 114   0.522717  0.006475  0.788174 0.079837   0.5039  0.0494   0.3952  0.0235   0.4073   0.0333
 115   0.518798  0.001154  0.688135 0.044993   0.5194  0.0426   0.3974  0.0307   0.4124   0.0420
 116   0.519955  0.006126  0.680007 0.032401   0.5319  0.0180   0.3832  0.0245   0.3922   0.0335
 117   0.517544  0.001638  0.727596 0.036106   0.5242  0.0291   0.4013  0.0233   0.4154   0.0288
 118   0.519279  0.003121  0.740394 0.082122   0.5328  0.0331   0.4045  0.0225   0.4208   0.0321
 119   0.515942  0.005772  0.682546 0.043552   0.5264  0.0431   0.3950  0.0241   0.4081   0.0323
 120   0.520073  0.001968  0.718133 0.013377   0.5695  0.0857   0.3898  0.0266   0.3978   0.0340
 121   0.514775  0.002311  0.738808 0.048203   0.5126  0.0380   0.4002  0.0294   0.4136   0.0394
 122   0.517833  0.001951  0.739311 0.086409   0.5362  0.0403   0.4043  0.0226   0.4221   0.0322
 123   0.517247  0.004004  0.728332 0.033936   0.4931  0.0410   0.3903  0.0222   0.3992   0.0281
 124   0.515542  0.003455  0.708647 0.029761   0.5817  0.0686   0.3923  0.0310   0.4036   0.0433
 125   0.517835  0.001409  0.720841 0.057388   0.5406  0.0145   0.4015  0.0280   0.4178   0.0384
 126   0.513363  0.002461  0.734761 0.057362   0.5092  0.0282   0.3958  0.0182   0.4077   0.0209
 127   0.516426  0.004779  0.704556 0.026025   0.5081  0.0309   0.3906  0.0205   0.3987   0.0245
 128   0.513262  0.001878  0.730464 0.017723   0.5324  0.0226   0.4018  0.0322   0.4156   0.0435
 129   0.521960  0.012081  0.740810 0.041886   0.5009  0.0411   0.3963  0.0250   0.4105   0.0350
 130   0.514459  0.001281  0.718027 0.066905   0.5069  0.0557   0.3964  0.0225   0.4100   0.0304
 131   0.514490  0.003896  0.733531 0.017255   0.4820  0.0358   0.3870  0.0213   0.3945   0.0270
 132   0.512217  0.001355  0.721999 0.032353   0.5855  0.0795   0.4022  0.0309   0.4173   0.0420
 133   0.511828  0.001967  0.725431 0.054338   0.5125  0.0516   0.4011  0.0285   0.4169   0.0402
 134   0.510911  0.003838  0.726136 0.032888   0.5002  0.0437   0.3905  0.0233   0.3992   0.0294
 135   0.511187  0.001172  0.722849 0.022349   0.4972  0.0383   0.3942  0.0278   0.4060   0.0364
 136   0.509887  0.002641  0.743341 0.052540   0.5079  0.0496   0.3996  0.0300   0.4146   0.0409
 137   0.509249  0.000620  0.726011 0.046374   0.5087  0.0505   0.3934  0.0227   0.4051   0.0294
 138   0.510864  0.003441  0.721049 0.034207   0.5268  0.0379   0.3907  0.0236   0.4016   0.0304
 139   0.506769  0.001445  0.757683 0.045692   0.4973  0.0403   0.3954  0.0260   0.4090   0.0355
 140   0.509393  0.002708  0.751198 0.054661   0.4924  0.0540   0.3926  0.0263   0.4043   0.0357
 141   0.507856  0.001926  0.717417 0.034480   0.5297  0.0352   0.3954  0.0281   0.4078   0.0367
 142   0.506130  0.000178  0.749079 0.034102   0.4895  0.0452   0.3909  0.0273   0.4027   0.0373
 143   0.507999  0.002667  0.757315 0.048711   0.5020  0.0457   0.3980  0.0268   0.4115   0.0365
 144   0.506343  0.001967  0.731184 0.022413   0.5139  0.0246   0.3911  0.0248   0.4018   0.0317
 145   0.506294  0.001890  0.740125 0.039785   0.4955  0.0427   0.3942  0.0291   0.4063   0.0397
 146   0.507125  0.001237  0.743980 0.059793   0.5008  0.0460   0.3957  0.0280   0.4096   0.0379
 147   0.507243  0.001509  0.728965 0.043298   0.5004  0.0376   0.3906  0.0242   0.4004   0.0293
 148   0.506272  0.001794  0.723097 0.036832   0.5157  0.0355   0.3926  0.0295   0.4046   0.0397
 149   0.505123  0.002309  0.783292 0.028640   0.4972  0.0482   0.3981  0.0312   0.4115   0.0420
 150   0.503302  0.000483  0.730778 0.052739   0.5049  0.0429   0.3929  0.0260   0.4043   0.0327
 151   0.506321  0.001828  0.731470 0.028718   0.5742  0.0804   0.3910  0.0249   0.4006   0.0312
 152   0.503051  0.002074  0.766189 0.065389   0.5014  0.0375   0.3959  0.0296   0.4100   0.0389
 153   0.505129  0.002291  0.813278 0.065483   0.4900  0.0572   0.3936  0.0252   0.4046   0.0339
 154   0.507874  0.001433  0.735230 0.030769   0.5152  0.0359   0.3920  0.0298   0.4027   0.0377
 155   0.503822  0.002560  0.759214 0.015827   0.5037  0.0308   0.3917  0.0280   0.4022   0.0378
 156   0.503712  0.000949  0.790277 0.035377   0.4917  0.0517   0.3963  0.0247   0.4091   0.0344
 157   0.505097  0.003304  0.759277 0.069972   0.4952  0.0506   0.3951  0.0208   0.4065   0.0269
 158   0.501957  0.000323  0.759792 0.017887   0.5215  0.0219   0.3919  0.0278   0.4042   0.0380
 159   0.506040  0.002810  0.751365 0.025084   0.5094  0.0281   0.3949  0.0315   0.4075   0.0421
 160   0.502299  0.002113  0.743321 0.060094   0.4903  0.0252   0.3852  0.0200   0.3929   0.0234
 161   0.505994  0.006900  0.739858 0.035600   0.5044  0.0227   0.3823  0.0187   0.3876   0.0205
 162   0.503426  0.000984  0.762767 0.026619   0.5558  0.0898   0.3889  0.0269   0.3987   0.0356
 163   0.503128  0.005705  0.767703 0.052839   0.4910  0.0437   0.3952  0.0279   0.4063   0.0371
 164   0.503237  0.002133  0.745589 0.071797   0.5070  0.0356   0.3925  0.0231   0.4034   0.0287
 165   0.501731  0.002380  0.730032 0.022737   0.5193  0.0244   0.3931  0.0288   0.4055   0.0385
 166   0.502489  0.002776  0.757420 0.022969   0.5736  0.0769   0.3926  0.0270   0.4045   0.0362
 167   0.499845  0.000261  0.756608 0.058768   0.4977  0.0289   0.3919  0.0217   0.4030   0.0274
 168   0.499866  0.000583  0.740623 0.040637   0.5191  0.0316   0.3936  0.0265   0.4056   0.0339
 169   0.498795  0.001997  0.760340 0.009643   0.5183  0.0228   0.3909  0.0281   0.4022   0.0373
 170   0.498319  0.001943  0.756653 0.055080   0.4975  0.0408   0.3914  0.0260   0.4031   0.0326
 171   0.499750  0.001631  0.759409 0.056476   0.5015  0.0364   0.3951  0.0253   0.4075   0.0328
 172   0.497986  0.000118  0.748011 0.018009   0.5803  0.0734   0.3939  0.0284   0.4057   0.0373
 173   0.497106  0.000862  0.768803 0.031709   0.5144  0.0244   0.3911  0.0277   0.4031   0.0357
 174   0.500033  0.001581  0.796990 0.042125   0.4813  0.0404   0.3866  0.0211   0.3955   0.0280
 175   0.496459  0.000236  0.746760 0.021929   0.5616  0.0878   0.3859  0.0239   0.3946   0.0305
 176   0.499576  0.002557  0.760007 0.018798   0.4594  0.0910   0.3868  0.0323   0.3950   0.0440
 177   0.495954  0.001089  0.795907 0.059143   0.4885  0.0367   0.3866  0.0194   0.3952   0.0253
 178   0.501040  0.005065  0.797256 0.079618   0.4944  0.0445   0.3930  0.0189   0.4038   0.0253
 179   0.496446  0.001762  0.767845 0.011213   0.5660  0.0812   0.3864  0.0251   0.3959   0.0324
 180   0.502666  0.005561  0.729332 0.016784   0.4720  0.0889   0.3870  0.0307   0.3926   0.0443
 181   0.497873  0.001516  0.770984 0.032901   0.5263  0.0153   0.3891  0.0234   0.3996   0.0295
 182   0.499645  0.003511  0.809288 0.069407   0.4865  0.0461   0.3905  0.0203   0.4013   0.0271
 183   0.494915  0.001209  0.767338 0.023977   0.5702  0.0759   0.3849  0.0224   0.3939   0.0283
 184   0.496946  0.003583  0.745231 0.033689   0.4572  0.0884   0.3864  0.0306   0.3942   0.0431
 185   0.496937  0.002368  0.775247 0.043615   0.5156  0.0118   0.3887  0.0221   0.3991   0.0277
 186   0.497522  0.004369  0.816878 0.072715   0.4764  0.0475   0.3889  0.0142   0.3972   0.0215
 187   0.494331  0.001219  0.766295 0.030820   0.4989  0.0251   0.3829  0.0228   0.3913   0.0276
 188   0.497594  0.003210  0.759268 0.020379   0.4593  0.0897   0.3842  0.0330   0.3913   0.0447
 189   0.495938  0.001944  0.795033 0.036776   0.5051  0.0088   0.3807  0.0173   0.3868   0.0198
 190   0.496919  0.003385  0.821372 0.063063   0.4791  0.0226   0.3846  0.0134   0.3921   0.0186
 191   0.493861  0.001619  0.760590 0.023570   0.4972  0.0130   0.3816  0.0203   0.3884   0.0233
 192   0.495957  0.002536  0.757153 0.009054   0.4526  0.0813   0.3799  0.0279   0.3839   0.0374
 193   0.492909  0.001367  0.785839 0.031848   0.5112  0.0138   0.3840  0.0205   0.3921   0.0240
 194   0.495766  0.003756  0.833952 0.055155   0.4834  0.0375   0.3868  0.0158   0.3959   0.0207
 195   0.492830  0.001169  0.780946 0.008425   0.4952  0.0293   0.3830  0.0194   0.3905   0.0237
 196   0.495731  0.004221  0.763573 0.002825   0.4533  0.0807   0.3797  0.0283   0.3843   0.0372
 197   0.493931  0.000426  0.795229 0.023265   0.4645  0.0590   0.3762  0.0135   0.3807   0.0163
 198   0.496203  0.002856  0.849572 0.057211   0.4894  0.0230   0.3851  0.0134   0.3914   0.0181
 199   0.493667  0.003488  0.776412 0.018329   0.5544  0.0871   0.3844  0.0237   0.3921   0.0270
 200   0.496635  0.004985  0.762912 0.021250   0.4439  0.0704   0.3786  0.0252   0.3823   0.0331

*** Detailed report ***

Confusion matrices
------------------
Fact: 0 
RulingByPresentCourt: 1 
Other: 2 
=> Iteration 0:
Epoch 200:
[[  75    1  383]
 [   4    4   41]
 [ 132    6 1496]]
=> Iteration 1:
Epoch 200:
[[  62    0  397]
 [   7    0   42]
 [ 166    0 1468]]
=> Iteration 2:
Epoch 200:
[[ 148    0  311]
 [   2    1   46]
 [ 208    3 1423]]

Scores
------
Epoch: 1
             Train loss  Test loss  P (macro)  R (macro)  F1 (macro)
Iteration 0    1.082596   0.994966   0.326619   0.339346    0.223324
Iteration 1    1.032294   0.941554   0.344367   0.357972    0.320392
Iteration 2    1.143330   1.032657   0.370272   0.364471    0.297219

Epoch: 2
             Train loss  Test loss  P (macro)  R (macro)  F1 (macro)
Iteration 0    1.027602   0.927531   0.289121   0.328885    0.225890
Iteration 1    0.979488   0.877926   0.336176   0.346867    0.316503
Iteration 2    1.078295   0.955600   0.406348   0.360042    0.324749

Epoch: 3
             Train loss  Test loss  P (macro)  R (macro)  F1 (macro)
Iteration 0    0.985849   0.881920   0.254526   0.332721    0.288417
Iteration 1    0.943847   0.836666   0.334748   0.335128    0.295449
Iteration 2    1.030152   0.903121   0.332667   0.343986    0.313877

Epoch: 4
             Train loss  Test loss  P (macro)  R (macro)  F1 (macro)
Iteration 0    0.957047   0.852501   0.254279   0.333333    0.288489
Iteration 1    0.916362   0.811884   0.291764   0.333244    0.289895
Iteration 2    0.997160   0.871381   0.332235   0.343211    0.314859

Epoch: 5
             Train loss  Test loss  P (macro)  R (macro)  F1 (macro)
Iteration 0    0.935541   0.832442   0.254279   0.333333    0.288489
Iteration 1    0.900178   0.796989   0.310081   0.333448    0.289851
Iteration 2    0.976397   0.853308   0.330782   0.341032    0.313464

Epoch: 6
             Train loss  Test loss  P (macro)  R (macro)  F1 (macro)
Iteration 0    0.919671   0.816763   0.254279   0.333333    0.288489
Iteration 1    0.887850   0.787376   0.365591   0.333856    0.289984
Iteration 2    0.959159   0.842005   0.330298   0.340306    0.312999

Epoch: 7
             Train loss  Test loss  P (macro)  R (macro)  F1 (macro)
Iteration 0    0.907198   0.803753   0.254279   0.333333    0.288489
Iteration 1    0.878477   0.780939   0.476703   0.334582    0.291427
Iteration 2    0.948608   0.833497   0.329329   0.338854    0.312065

Epoch: 8
             Train loss  Test loss  P (macro)  R (macro)  F1 (macro)
Iteration 0    0.896766   0.793468   0.421184   0.334060    0.290088
Iteration 1    0.868985   0.776645   0.476703   0.334582    0.291427
Iteration 2    0.938264   0.826836   0.329329   0.338854    0.312065

Epoch: 9
             Train loss  Test loss  P (macro)  R (macro)  F1 (macro)
Iteration 0    0.885459   0.785482   0.421184   0.334060    0.290088
Iteration 1    0.862490   0.773121   0.454562   0.335104    0.292828
Iteration 2    0.930123   0.821753   0.328844   0.338128    0.311598

Epoch: 10
             Train loss  Test loss  P (macro)  R (macro)  F1 (macro)
Iteration 0    0.878071   0.778709   0.477060   0.336034    0.294506
Iteration 1    0.853701   0.768996   0.532615   0.336760    0.295939
Iteration 2    0.921511   0.817165   0.328360   0.337401    0.311130

Epoch: 11
             Train loss  Test loss  P (macro)  R (macro)  F1 (macro)
Iteration 0    0.870890   0.772450   0.514455   0.338213    0.298972
Iteration 1    0.847198   0.764216   0.540671   0.337487    0.297431
Iteration 2    0.911438   0.811894   0.327875   0.336675    0.310662

Epoch: 12
             Train loss  Test loss  P (macro)  R (macro)  F1 (macro)
Iteration 0    0.861214   0.766575   0.533333   0.340391    0.303386
Iteration 1    0.839837   0.759354   0.546743   0.338213    0.298917
Iteration 2    0.902922   0.805892   0.449374   0.337397    0.298431

Epoch: 13
             Train loss  Test loss  P (macro)  R (macro)  F1 (macro)
Iteration 0    0.852236   0.761041   0.541510   0.341844    0.306298
Iteration 1    0.832276   0.755079   0.537570   0.340914    0.304668
Iteration 2    0.895949   0.799792   0.555316   0.339665    0.301871

Epoch: 14
             Train loss  Test loss  P (macro)  R (macro)  F1 (macro)
Iteration 0    0.845823   0.755868   0.568536   0.344023    0.310592
Iteration 1    0.826961   0.751581   0.533741   0.343615    0.310303
Iteration 2    0.887164   0.794046   0.588806   0.340595    0.303469

Epoch: 15
             Train loss  Test loss  P (macro)  R (macro)  F1 (macro)
Iteration 0    0.837612   0.751007   0.531773   0.346315    0.315826
Iteration 1    0.821021   0.748328   0.509980   0.343933    0.311437
Iteration 2    0.878798   0.788918   0.589165   0.342774    0.307847

Epoch: 16
             Train loss  Test loss  P (macro)  R (macro)  F1 (macro)
Iteration 0    0.829194   0.745940   0.525847   0.347564    0.318466
Iteration 1    0.813772   0.744504   0.446231   0.342505    0.310412
Iteration 2    0.870162   0.783992   0.589286   0.343500    0.309294

Epoch: 17
             Train loss  Test loss  P (macro)  R (macro)  F1 (macro)
Iteration 0    0.820465   0.740600   0.504062   0.348404    0.320745
Iteration 1    0.806906   0.740207   0.427070   0.343459    0.313672
Iteration 2    0.861633   0.778725   0.568536   0.344023    0.310592

Epoch: 18
             Train loss  Test loss  P (macro)  R (macro)  F1 (macro)
Iteration 0    0.813991   0.735158   0.485335   0.348519    0.321616
Iteration 1    0.800302   0.735342   0.422698   0.344300    0.315928
Iteration 2    0.855810   0.773262   0.569882   0.344749    0.312025

Epoch: 19
             Train loss  Test loss  P (macro)  R (macro)  F1 (macro)
Iteration 0    0.805048   0.730083   0.453722   0.348543    0.323134
Iteration 1    0.792354   0.730721   0.407047   0.344847    0.318653
Iteration 2    0.846413   0.767971   0.569882   0.344749    0.312025

Epoch: 20
             Train loss  Test loss  P (macro)  R (macro)  F1 (macro)
Iteration 0    0.795279   0.725699   0.433002   0.348771    0.324756
Iteration 1    0.786357   0.726390   0.384023   0.343329    0.318162
Iteration 2    0.836249   0.762727   0.556362   0.345997    0.314722

Epoch: 21
             Train loss  Test loss  P (macro)  R (macro)  F1 (macro)
Iteration 0    0.785461   0.721101   0.410133   0.347662    0.324496
Iteration 1    0.777353   0.721749   0.375472   0.343467    0.320321
Iteration 2    0.828832   0.757288   0.546423   0.347246    0.317386

Epoch: 22
             Train loss  Test loss  P (macro)  R (macro)  F1 (macro)
Iteration 0    0.777676   0.715935   0.393471   0.346552    0.324208
Iteration 1    0.769555   0.716995   0.377014   0.345467    0.325120
Iteration 2    0.820071   0.751708   0.528343   0.348290    0.319856

Epoch: 23
             Train loss  Test loss  P (macro)  R (macro)  F1 (macro)
Iteration 0    0.768168   0.711376   0.384828   0.347531    0.328087
Iteration 1    0.762845   0.712365   0.379781   0.347351    0.329038
Iteration 2    0.811376   0.745855   0.519778   0.350787    0.325016

Epoch: 24
             Train loss  Test loss  P (macro)  R (macro)  F1 (macro)
Iteration 0    0.759698   0.706876   0.372840   0.346013    0.327304
Iteration 1    0.753639   0.706745   0.374743   0.347376    0.330110
Iteration 2    0.803519   0.739866   0.493971   0.350697    0.325677

Epoch: 25
             Train loss  Test loss  P (macro)  R (macro)  F1 (macro)
Iteration 0    0.748833   0.702861   0.363136   0.344177    0.325692
Iteration 1    0.746843   0.700413   0.372281   0.348241    0.332851
Iteration 2    0.792060   0.734126   0.474707   0.351856    0.328791

Epoch: 26
             Train loss  Test loss  P (macro)  R (macro)  F1 (macro)
Iteration 0    0.740361   0.700055   0.359807   0.345067    0.329478
Iteration 1    0.736368   0.696037   0.366181   0.347653    0.333197
Iteration 2    0.782391   0.728638   0.447013   0.352199    0.331060

Epoch: 27
             Train loss  Test loss  P (macro)  R (macro)  F1 (macro)
Iteration 0    0.731580   0.697995   0.358054   0.346682    0.333924
Iteration 1    0.728139   0.691921   0.359783   0.347612    0.335175
Iteration 2    0.771921   0.722876   0.431350   0.352745    0.333378

Epoch: 28
             Train loss  Test loss  P (macro)  R (macro)  F1 (macro)
Iteration 0    0.719571   0.690746   0.356734   0.345001    0.330750
Iteration 1    0.717353   0.684566   0.358891   0.347841    0.336127
Iteration 2    0.760656   0.716628   0.428652   0.356197    0.340442

Epoch: 29
             Train loss  Test loss  P (macro)  R (macro)  F1 (macro)
Iteration 0    0.711276   0.687493   0.349688   0.342415    0.327093
Iteration 1    0.707952   0.676691   0.360745   0.349203    0.338471
Iteration 2    0.751544   0.710512   0.403764   0.354703    0.340399

Epoch: 30
             Train loss  Test loss  P (macro)  R (macro)  F1 (macro)
Iteration 0    0.701507   0.685904   0.346188   0.342170    0.328975
Iteration 1    0.697697   0.672576   0.356843   0.348730    0.338946
Iteration 2    0.738629   0.704902   0.389190   0.354981    0.343144

Epoch: 31
             Train loss  Test loss  P (macro)  R (macro)  F1 (macro)
Iteration 0    0.690735   0.675076   0.343051   0.339510    0.322666
Iteration 1    0.685863   0.668851   0.357950   0.351504    0.344302
Iteration 2    0.727194   0.698615   0.385754   0.356368    0.346297

Epoch: 32
             Train loss  Test loss  P (macro)  R (macro)  F1 (macro)
Iteration 0    0.682379   0.675471   0.345721   0.342194    0.329762
Iteration 1    0.675851   0.659418   0.354652   0.349644    0.341980
Iteration 2    0.715307   0.692533   0.383339   0.358391    0.350480

Epoch: 33
             Train loss  Test loss  P (macro)  R (macro)  F1 (macro)
Iteration 0    0.673958   0.670326   0.361244   0.354866    0.349299
Iteration 1    0.664637   0.656332   0.350763   0.349219    0.342999
Iteration 2    0.703200   0.686440   0.383069   0.360505    0.354179

Epoch: 34
             Train loss  Test loss  P (macro)  R (macro)  F1 (macro)
Iteration 0    0.664380   0.650784   0.357220   0.346274    0.333548
Iteration 1    0.651653   0.648631   0.354093   0.351284    0.345441
Iteration 2    0.690299   0.683914   0.367660   0.357314    0.351917

Epoch: 35
             Train loss  Test loss  P (macro)  R (macro)  F1 (macro)
Iteration 0    0.655239   0.651786   0.358245   0.349685    0.340777
Iteration 1    0.638790   0.646400   0.353390   0.351741    0.346532
Iteration 2    0.678523   0.671532   0.372616   0.359672    0.354564

Epoch: 36
             Train loss  Test loss  P (macro)  R (macro)  F1 (macro)
Iteration 0    0.645533   0.654684   0.350151   0.346739    0.338140
Iteration 1    0.628011   0.651069   0.359673   0.357918    0.354386
Iteration 2    0.662684   0.682031   0.366032   0.363956    0.361371

Epoch: 37
             Train loss  Test loss  P (macro)  R (macro)  F1 (macro)
Iteration 0    0.637305   0.648808   0.346357   0.342374    0.329160
Iteration 1    0.618823   0.621607   0.346408   0.344993    0.336175
Iteration 2    0.650919   0.661225   0.368791   0.361337    0.357778

Epoch: 38
             Train loss  Test loss  P (macro)  R (macro)  F1 (macro)
Iteration 0    0.629471   0.653890   0.358913   0.354393    0.349298
Iteration 1    0.611774   0.648580   0.692540   0.365063    0.368350
Iteration 2    0.637113   0.662497   0.373731   0.369219    0.367380

Epoch: 39
             Train loss  Test loss  P (macro)  R (macro)  F1 (macro)
Iteration 0    0.622550   0.643186   0.365188   0.357249    0.352298
Iteration 1    0.609205   0.667896   0.693106   0.367633    0.371421
Iteration 2    0.625193   0.655117   0.370980   0.367040    0.364872

Epoch: 40
             Train loss  Test loss  P (macro)  R (macro)  F1 (macro)
Iteration 0    0.618972   0.639994   0.346988   0.343124    0.330982
Iteration 1    0.603503   0.622801   0.676477   0.350164    0.348020
Iteration 2    0.618405   0.655427   0.369306   0.366975    0.364808

Epoch: 41
             Train loss  Test loss  P (macro)  R (macro)  F1 (macro)
Iteration 0    0.611878   0.657047   0.361701   0.357436    0.353379
Iteration 1    0.599033   0.634145   0.678271   0.352530    0.352560
Iteration 2    0.608477   0.656888   0.375887   0.373421    0.371888

Epoch: 42
             Train loss  Test loss  P (macro)  R (macro)  F1 (macro)
Iteration 0    0.605048   0.641386   0.350646   0.344667    0.332778
Iteration 1    0.596802   0.645326   0.695238   0.366809    0.370286
Iteration 2    0.601933   0.657637   0.374926   0.373764    0.372120

Epoch: 43
             Train loss  Test loss  P (macro)  R (macro)  F1 (macro)
Iteration 0    0.607963   0.636718   0.356431   0.344022    0.327596
Iteration 1    0.588266   0.632683   0.680928   0.354619    0.355344
Iteration 2    0.597482   0.665347   0.372069   0.373837    0.371733

Epoch: 44
             Train loss  Test loss  P (macro)  R (macro)  F1 (macro)
Iteration 0    0.595815   0.671819   0.363906   0.364233    0.361761
Iteration 1    0.588533   0.681534   0.702080   0.378167    0.382363
Iteration 2    0.592261   0.645092   0.377113   0.374988    0.373539

Epoch: 45
             Train loss  Test loss  P (macro)  R (macro)  F1 (macro)
Iteration 0    0.606900   0.692894   0.354960   0.360822    0.357600
Iteration 1    0.583594   0.653351   0.686052   0.359661    0.362044
Iteration 2    0.587502   0.639905   0.382537   0.376571    0.375606

Epoch: 46
             Train loss  Test loss  P (macro)  R (macro)  F1 (macro)
Iteration 0    0.591245   0.633565   0.350453   0.343051    0.328544
Iteration 1    0.582147   0.630917   0.673665   0.348850    0.347022
Iteration 2    0.582841   0.688336   0.376358   0.381605    0.378682

Epoch: 47
             Train loss  Test loss  P (macro)  R (macro)  F1 (macro)
Iteration 0    0.598807   0.635054   0.350339   0.340775    0.321139
Iteration 1    0.577095   0.703108   0.707451   0.384524    0.388637
Iteration 2    0.582294   0.670742   0.378458   0.380691    0.378670

Epoch: 48
             Train loss  Test loss  P (macro)  R (macro)  F1 (macro)
Iteration 0    0.586136   0.652446   0.359345   0.354939    0.350483
Iteration 1    0.582148   0.713141   0.707746   0.387184    0.390537
Iteration 2    0.578338   0.630348   0.383844   0.376546    0.375662

Epoch: 49
             Train loss  Test loss  P (macro)  R (macro)  F1 (macro)
Iteration 0    0.592141   0.662676   0.365399   0.363344    0.360887
Iteration 1    0.571431   0.640033   0.673665   0.348850    0.347022
Iteration 2    0.573767   0.632427   0.389664   0.381948    0.381693

Epoch: 50
             Train loss  Test loss  P (macro)  R (macro)  F1 (macro)
Iteration 0    0.577408   0.633415   0.362611   0.346087    0.330400
Iteration 1    0.571591   0.649620   0.682689   0.355753    0.356647
Iteration 2    0.570852   0.676832   0.383308   0.385456    0.383555

Epoch: 51
             Train loss  Test loss  P (macro)  R (macro)  F1 (macro)
Iteration 0    0.580617   0.634126   0.360321   0.344724    0.327731
Iteration 1    0.569463   0.708655   0.700754   0.385451    0.395293
Iteration 2    0.570309   0.691041   0.383553   0.388957    0.386009

Epoch: 52
             Train loss  Test loss  P (macro)  R (macro)  F1 (macro)
Iteration 0    0.575944   0.659082   0.356712   0.353397    0.348740
Iteration 1    0.565812   0.657431   0.679825   0.361038    0.368160
Iteration 2    0.567249   0.619087   0.396450   0.385530    0.385916

Epoch: 53
             Train loss  Test loss  P (macro)  R (macro)  F1 (macro)
Iteration 0    0.579396   0.663016   0.363500   0.360733    0.357956
Iteration 1    0.566879   0.649722   0.672164   0.348148    0.346598
Iteration 2    0.563238   0.618092   0.392898   0.380626    0.380516

Epoch: 54
             Train loss  Test loss  P (macro)  R (macro)  F1 (macro)
Iteration 0    0.569058   0.630224   0.357787   0.345613    0.331305
Iteration 1    0.561041   0.743021   0.530305   0.385304    0.392779
Iteration 2    0.566295   0.665816   0.390578   0.391013    0.389699

Epoch: 55
             Train loss  Test loss  P (macro)  R (macro)  F1 (macro)
Iteration 0    0.569873   0.629419   0.353803   0.344095    0.330573
Iteration 1    0.573238   0.751425   0.528135   0.383901    0.390937
Iteration 2    0.559148   0.617411   0.405961   0.394767    0.396018

Epoch: 56
             Train loss  Test loss  P (macro)  R (macro)  F1 (macro)
Iteration 0    0.565736   0.655200   0.441811   0.362313    0.364379
Iteration 1    0.563707   0.655723   0.671538   0.354428    0.358747
Iteration 2    0.566364   0.625820   0.387933   0.377746    0.377148

Epoch: 57
             Train loss  Test loss  P (macro)  R (macro)  F1 (macro)
Iteration 0    0.563452   0.632046   0.363423   0.350158    0.340653
Iteration 1    0.564348   0.654296   0.665670   0.350545    0.352630
Iteration 2    0.560333   0.601155   0.419771   0.388011    0.389820

Epoch: 58
             Train loss  Test loss  P (macro)  R (macro)  F1 (macro)
Iteration 0    0.564288   0.631504   0.359078   0.346160    0.333297
Iteration 1    0.559737   0.730168   0.528421   0.381714    0.389975
Iteration 2    0.558950   0.651027   0.396495   0.395232    0.394483

Epoch: 59
             Train loss  Test loss  P (macro)  R (macro)  F1 (macro)
Iteration 0    0.559282   0.667039   0.417015   0.363015    0.364828
Iteration 1    0.561971   0.712155   0.585391   0.380572    0.390038
Iteration 2    0.567000   0.710871   0.376018   0.386427    0.381092

Epoch: 60
             Train loss  Test loss  P (macro)  R (macro)  F1 (macro)
Iteration 0    0.568940   0.663104   0.442015   0.368594    0.374880
Iteration 1    0.554624   0.654035   0.676437   0.357423    0.362329
Iteration 2    0.552873   0.579724   0.447556   0.383164    0.383383

Epoch: 61
             Train loss  Test loss  P (macro)  R (macro)  F1 (macro)
Iteration 0    0.560684   0.630825   0.359671   0.345295    0.330824
Iteration 1    0.556475   0.679615   0.507550   0.357137    0.363151
Iteration 2    0.560666   0.620524   0.419164   0.396505    0.399300

Epoch: 62
             Train loss  Test loss  P (macro)  R (macro)  F1 (macro)
Iteration 0    0.562383   0.633148   0.359451   0.344977    0.330088
Iteration 1    0.554777   0.742121   0.560193   0.386542    0.400054
Iteration 2    0.560511   0.687374   0.382041   0.388255    0.384984

Epoch: 63
             Train loss  Test loss  P (macro)  R (macro)  F1 (macro)
Iteration 0    0.554595   0.672422   0.447196   0.376500    0.384391
Iteration 1    0.550075   0.683054   0.675848   0.358019    0.364337
Iteration 2    0.551504   0.587654   0.433809   0.398268    0.402302

Epoch: 64
             Train loss  Test loss  P (macro)  R (macro)  F1 (macro)
Iteration 0    0.560079   0.680555   0.448471   0.377749    0.385757
Iteration 1    0.556999   0.668992   0.677938   0.351322    0.349885
Iteration 2    0.552325   0.628398   0.758313   0.414250    0.424038

Epoch: 65
             Train loss  Test loss  P (macro)  R (macro)  F1 (macro)
Iteration 0    0.551037   0.627468   0.374909   0.353014    0.343797
Iteration 1    0.550470   0.739599   0.528956   0.381371    0.389950
Iteration 2    0.555950   0.684100   0.715953   0.398240    0.400312

Epoch: 66
             Train loss  Test loss  P (macro)  R (macro)  F1 (macro)
Iteration 0    0.551702   0.630952   0.441230   0.363217    0.362673
Iteration 1    0.558990   0.783654   0.556692   0.386305    0.398104
Iteration 2    0.546995   0.585667   0.439781   0.380374    0.379525

Epoch: 67
             Train loss  Test loss  P (macro)  R (macro)  F1 (macro)
Iteration 0    0.549406   0.649468   0.464249   0.378595    0.389295
Iteration 1    0.547871   0.682513   0.556475   0.351981    0.356015
Iteration 2    0.547443   0.647597   0.409204   0.401874    0.402829

Epoch: 68
             Train loss  Test loss  P (macro)  R (macro)  F1 (macro)
Iteration 0    0.548233   0.652219   0.458181   0.372772    0.376415
Iteration 1    0.558020   0.669871   0.675797   0.347520    0.340276
Iteration 2    0.558864   0.755499   0.363256   0.376684    0.368901

Epoch: 69
             Train loss  Test loss  P (macro)  R (macro)  F1 (macro)
Iteration 0    0.550582   0.636109   0.452431   0.368504    0.370181
Iteration 1    0.554105   0.690064   0.560447   0.355138    0.360734
Iteration 2    0.545461   0.597163   0.432098   0.377583    0.375678

Epoch: 70
             Train loss  Test loss  P (macro)  R (macro)  F1 (macro)
Iteration 0    0.549555   0.676708   0.503309   0.392429    0.410666
Iteration 1    0.549983   0.758189   0.559681   0.388092    0.400666
Iteration 2    0.556037   0.587218   0.437593   0.370476    0.364875

Epoch: 71
             Train loss  Test loss  P (macro)  R (macro)  F1 (macro)
Iteration 0    0.545072   0.655864   0.468570   0.374997    0.382756
Iteration 1    0.546512   0.690042   0.580818   0.371254    0.380185
Iteration 2    0.544955   0.781010   0.691840   0.379227    0.377051

Epoch: 72
             Train loss  Test loss  P (macro)  R (macro)  F1 (macro)
Iteration 0    0.547831   0.645267   0.466528   0.371091    0.373986
Iteration 1    0.549041   0.673742   0.679377   0.359398    0.364914
Iteration 2    0.552457   0.784578   0.358670   0.372400    0.364003

Epoch: 73
             Train loss  Test loss  P (macro)  R (macro)  F1 (macro)
Iteration 0    0.540202   0.691509   0.523169   0.403499    0.425693
Iteration 1    0.545578   0.722736   0.526035   0.373824    0.382843
Iteration 2    0.542328   0.596758   0.437690   0.381737    0.381446

Epoch: 74
             Train loss  Test loss  P (macro)  R (macro)  F1 (macro)
Iteration 0    0.543319   0.655559   0.550755   0.411967    0.436140
Iteration 1    0.544081   0.741382   0.552845   0.377118    0.390964
Iteration 2    0.544028   0.613979   0.436263   0.407031    0.411824

Epoch: 75
             Train loss  Test loss  P (macro)  R (macro)  F1 (macro)
Iteration 0    0.540539   0.648621   0.538105   0.398620    0.416123
Iteration 1    0.540912   0.686595   0.663881   0.349663    0.352722
Iteration 2    0.546277   0.751113   0.693524   0.380313    0.378885

Epoch: 76
             Train loss  Test loss  P (macro)  R (macro)  F1 (macro)
Iteration 0    0.535752   0.656650   0.557076   0.414847    0.439620
Iteration 1    0.550705   0.688191   0.663824   0.342836    0.339227
Iteration 2    0.539180   0.607742   0.438797   0.387163    0.388866

Epoch: 77
             Train loss  Test loss  P (macro)  R (macro)  F1 (macro)
Iteration 0    0.540147   0.647854   0.538858   0.398824    0.416340
Iteration 1    0.544900   0.748198   0.572231   0.368683    0.377579
Iteration 2    0.548293   0.593085   0.784889   0.393917    0.402242

Epoch: 78
             Train loss  Test loss  P (macro)  R (macro)  F1 (macro)
Iteration 0    0.535551   0.656071   0.554645   0.412554    0.436546
Iteration 1    0.543945   0.748049   0.582214   0.378328    0.387535
Iteration 2    0.542267   0.815618   0.517509   0.371043    0.368080

Epoch: 79
             Train loss  Test loss  P (macro)  R (macro)  F1 (macro)
Iteration 0    0.535643   0.663164   0.546381   0.408221    0.431204
Iteration 1    0.539238   0.701539   0.573066   0.363282    0.370020
Iteration 2    0.552715   0.816163   0.355128   0.368932    0.360077

Epoch: 80
             Train loss  Test loss  P (macro)  R (macro)  F1 (macro)
Iteration 0    0.532160   0.654324   0.560539   0.414390    0.438619
Iteration 1    0.537775   0.707629   0.483390   0.363559    0.370348
Iteration 2    0.543518   0.608739   0.438572   0.396881    0.401005

Epoch: 81
             Train loss  Test loss  P (macro)  R (macro)  F1 (macro)
Iteration 0    0.532118   0.654226   0.539406   0.406174    0.426224
Iteration 1    0.538692   0.744250   0.488650   0.372379    0.380828
Iteration 2    0.535704   0.667382   0.567337   0.406824    0.412367

Epoch: 82
             Train loss  Test loss  P (macro)  R (macro)  F1 (macro)
Iteration 0    0.532993   0.662331   0.554090   0.408874    0.431033
Iteration 1    0.533879   0.699626   0.684697   0.364669    0.372533
Iteration 2    0.542762   0.738461   0.446895   0.383511    0.381495

Epoch: 83
             Train loss  Test loss  P (macro)  R (macro)  F1 (macro)
Iteration 0    0.532715   0.673266   0.553843   0.417736    0.443755
Iteration 1    0.537878   0.719238   0.680893   0.361650    0.368777
Iteration 2    0.533897   0.609373   0.447266   0.389431    0.392077

Epoch: 84
             Train loss  Test loss  P (macro)  R (macro)  F1 (macro)
Iteration 0    0.531298   0.656817   0.560578   0.411869    0.434898
Iteration 1    0.531833   0.774362   0.481544   0.367394    0.375372
Iteration 2    0.546602   0.623110   0.443651   0.397264    0.401595

Epoch: 85
             Train loss  Test loss  P (macro)  R (macro)  F1 (macro)
Iteration 0    0.527074   0.675626   0.556744   0.417048    0.443715
Iteration 1    0.532625   0.729239   0.573839   0.366195    0.374484
Iteration 2    0.535288   0.870536   0.433818   0.371116    0.366549

Epoch: 86
             Train loss  Test loss  P (macro)  R (macro)  F1 (macro)
Iteration 0    0.528239   0.667858   0.560958   0.415549    0.440357
Iteration 1    0.534673   0.713138   0.681981   0.362262    0.369394
Iteration 2    0.551921   0.731834   0.474849   0.401665    0.407584

Epoch: 87
             Train loss  Test loss  P (macro)  R (macro)  F1 (macro)
Iteration 0    0.528417   0.661258   0.562191   0.413117    0.436634
Iteration 1    0.529342   0.783388   0.599841   0.376057    0.390192
Iteration 2    0.542707   0.605007   0.621841   0.409036    0.421510

Epoch: 88
             Train loss  Test loss  P (macro)  R (macro)  F1 (macro)
Iteration 0    0.528694   0.686720   0.556094   0.418753    0.446183
Iteration 1    0.530835   0.780503   0.511499   0.363600    0.371859
Iteration 2    0.537026   0.700338   0.723593   0.399750    0.404374

Epoch: 89
             Train loss  Test loss  P (macro)  R (macro)  F1 (macro)
Iteration 0    0.529377   0.683497   0.561642   0.422474    0.450620
Iteration 1    0.530779   0.733150   0.565399   0.358223    0.364123
Iteration 2    0.536354   0.814595   0.691937   0.379660    0.377116

Epoch: 90
             Train loss  Test loss  P (macro)  R (macro)  F1 (macro)
Iteration 0    0.524616   0.660596   0.554141   0.417613    0.441876
Iteration 1    0.528474   0.765640   0.514284   0.358927    0.361848
Iteration 2    0.531468   0.605420   0.790344   0.414552    0.428078

Epoch: 91
             Train loss  Test loss  P (macro)  R (macro)  F1 (macro)
Iteration 0    0.525501   0.672148   0.557511   0.423445    0.450318
Iteration 1    0.534152   0.779861   0.575819   0.373522    0.382224
Iteration 2    0.539843   0.613544   0.606052   0.390220    0.397372

Epoch: 92
             Train loss  Test loss  P (macro)  R (macro)  F1 (macro)
Iteration 0    0.524917   0.675394   0.568403   0.422286    0.449932
Iteration 1    0.525188   0.720015   0.564866   0.357129    0.361854
Iteration 2    0.529887   0.798791   0.455618   0.387393    0.389014

Epoch: 93
             Train loss  Test loss  P (macro)  R (macro)  F1 (macro)
Iteration 0    0.522783   0.659457   0.552615   0.414162    0.437091
Iteration 1    0.536359   0.731508   0.561480   0.354608    0.357986
Iteration 2    0.539084   0.823410   0.441952   0.379366    0.376118

Epoch: 94
             Train loss  Test loss  P (macro)  R (macro)  F1 (macro)
Iteration 0    0.525107   0.681080   0.558489   0.425711    0.453699
Iteration 1    0.528064   0.802550   0.546335   0.372768    0.386168
Iteration 2    0.529915   0.600731   0.617455   0.395597    0.404535

Epoch: 95
             Train loss  Test loss  P (macro)  R (macro)  F1 (macro)
Iteration 0    0.526514   0.698366   0.554468   0.431080    0.460677
Iteration 1    0.534753   0.793156   0.576196   0.374158    0.382777
Iteration 2    0.532436   0.602929   0.565410   0.416272    0.433556

Epoch: 96
             Train loss  Test loss  P (macro)  R (macro)  F1 (macro)
Iteration 0    0.521182   0.664977   0.571527   0.424889    0.451311
Iteration 1    0.527581   0.718098   0.686189   0.357907    0.358975
Iteration 2    0.533032   0.706905   0.486601   0.410575    0.417883

Epoch: 97
             Train loss  Test loss  P (macro)  R (macro)  F1 (macro)
Iteration 0    0.520221   0.702030   0.560980   0.433185    0.463147
Iteration 1    0.527844   0.728785   0.504056   0.353612    0.357151
Iteration 2    0.526112   0.628857   0.605385   0.408090    0.419448

Epoch: 98
             Train loss  Test loss  P (macro)  R (macro)  F1 (macro)
Iteration 0    0.528724   0.692040   0.563335   0.428673    0.459219
Iteration 1    0.524303   0.799445   0.540571   0.366616    0.379927
Iteration 2    0.530825   0.638026   0.520799   0.412496    0.423696

Epoch: 99
             Train loss  Test loss  P (macro)  R (macro)  F1 (macro)
Iteration 0    0.521361   0.663311   0.573686   0.425297    0.451840
Iteration 1    0.524983   0.776207   0.457430   0.357588    0.360292
Iteration 2    0.528276   0.711123   0.489039   0.412207    0.419864

Epoch: 100
             Train loss  Test loss  P (macro)  R (macro)  F1 (macro)
Iteration 0    0.519328   0.697559   0.559168   0.432369    0.462197
Iteration 1    0.523588   0.730973   0.689438   0.360836    0.362821
Iteration 2    0.525583   0.621814   0.556009   0.408155    0.419755

Epoch: 101
             Train loss  Test loss  P (macro)  R (macro)  F1 (macro)
Iteration 0    0.523848   0.686777   0.562380   0.421550    0.446893
Iteration 1    0.522626   0.764732   0.515061   0.365476    0.373730
Iteration 2    0.526885   0.657576   0.501702   0.409534    0.418245

Epoch: 102
             Train loss  Test loss  P (macro)  R (macro)  F1 (macro)
Iteration 0    0.528132   0.663978   0.537331   0.399654    0.414823
Iteration 1    0.528113   0.801597   0.482273   0.368552    0.376435
Iteration 2    0.526806   0.829941   0.440303   0.384039    0.384648

Epoch: 103
             Train loss  Test loss  P (macro)  R (macro)  F1 (macro)
Iteration 0    0.521207   0.744515   0.548455   0.427383    0.456478
Iteration 1    0.518750   0.735412   0.458630   0.354643    0.355341
Iteration 2    0.523572   0.637188   0.497598   0.392684    0.400340

Epoch: 104
             Train loss  Test loss  P (macro)  R (macro)  F1 (macro)
Iteration 0    0.532798   0.699427   0.574638   0.438317    0.470150
Iteration 1    0.527491   0.731841   0.685216   0.356634    0.357012
Iteration 2    0.544474   0.634975   0.746285   0.372881    0.373008

Epoch: 105
             Train loss  Test loss  P (macro)  R (macro)  F1 (macro)
Iteration 0    0.520632   0.653738   0.566190   0.418419    0.441989
Iteration 1    0.518672   0.797411   0.515309   0.368006    0.376356
Iteration 2    0.523802   0.823193   0.433051   0.386506    0.384191

Epoch: 106
             Train loss  Test loss  P (macro)  R (macro)  F1 (macro)
Iteration 0    0.527677   0.690768   0.568999   0.427702    0.455533
Iteration 1    0.526861   0.829811   0.483451   0.370576    0.378179
Iteration 2    0.538038   0.905526   0.428528   0.371619    0.370230

Epoch: 107
             Train loss  Test loss  P (macro)  R (macro)  F1 (macro)
Iteration 0    0.525991   0.703509   0.577022   0.435829    0.466155
Iteration 1    0.518824   0.734925   0.452259   0.349511    0.348243
Iteration 2    0.523506   0.618516   0.533630   0.387070    0.393322

Epoch: 108
             Train loss  Test loss  P (macro)  R (macro)  F1 (macro)
Iteration 0    0.517844   0.670745   0.577584   0.418941    0.443976
Iteration 1    0.528754   0.720992   0.672862   0.347756    0.344351
Iteration 2    0.536765   0.611243   0.774321   0.376120    0.376182

Epoch: 109
             Train loss  Test loss  P (macro)  R (macro)  F1 (macro)
Iteration 0    0.518123   0.682635   0.579525   0.431178    0.461677
Iteration 1    0.520697   0.791531   0.512772   0.364848    0.373172
Iteration 2    0.526697   0.720759   0.500667   0.410510    0.417432

Epoch: 110
             Train loss  Test loss  P (macro)  R (macro)  F1 (macro)
Iteration 0    0.516470   0.666987   0.580087   0.430699    0.458962
Iteration 1    0.530811   0.849992   0.483286   0.371147    0.378393
Iteration 2    0.533916   0.890916   0.432374   0.375903    0.374998

Epoch: 111
             Train loss  Test loss  P (macro)  R (macro)  F1 (macro)
Iteration 0    0.519870   0.690496   0.566426   0.421933    0.446887
Iteration 1    0.519824   0.745261   0.462728   0.358299    0.359967
Iteration 2    0.523530   0.628074   0.541121   0.400637    0.413910

Epoch: 112
             Train loss  Test loss  P (macro)  R (macro)  F1 (macro)
Iteration 0    0.513744   0.709651   0.563736   0.425376    0.455139
Iteration 1    0.527805   0.725205   0.676009   0.350164    0.348007
Iteration 2    0.532500   0.624333   0.540956   0.377418    0.378840

Epoch: 113
             Train loss  Test loss  P (macro)  R (macro)  F1 (macro)
Iteration 0    0.513070   0.676044   0.564044   0.418966    0.443224
Iteration 1    0.519279   0.773420   0.516273   0.366407    0.374755
Iteration 2    0.520868   0.726055   0.500992   0.411350    0.418016

Epoch: 114
             Train loss  Test loss  P (macro)  R (macro)  F1 (macro)
Iteration 0    0.514685   0.676286   0.572119   0.426774    0.453949
Iteration 1    0.522922   0.831021   0.483144   0.370600    0.378055
Iteration 2    0.530543   0.857217   0.456536   0.388094    0.390037

Epoch: 115
             Train loss  Test loss  P (macro)  R (macro)  F1 (macro)
Iteration 0    0.519178   0.706232   0.555923   0.429146    0.458475
Iteration 1    0.517234   0.731915   0.459617   0.355802    0.356923
Iteration 2    0.519982   0.626258   0.542608   0.407108    0.421737

Epoch: 116
             Train loss  Test loss  P (macro)  R (macro)  F1 (macro)
Iteration 0    0.511448   0.685852   0.554211   0.408165    0.427427
Iteration 1    0.525626   0.716443   0.510044   0.349935    0.347081
Iteration 2    0.522792   0.637726   0.531424   0.391490    0.401981

Epoch: 117
             Train loss  Test loss  P (macro)  R (macro)  F1 (macro)
Iteration 0    0.515970   0.689430   0.562364   0.421193    0.446890
Iteration 1    0.516860   0.776056   0.518614   0.368699    0.377262
Iteration 2    0.519802   0.717301   0.491639   0.414157    0.422089

Epoch: 118
             Train loss  Test loss  P (macro)  R (macro)  F1 (macro)
Iteration 0    0.516351   0.744727   0.565711   0.430329    0.461159
Iteration 1    0.523603   0.838736   0.487520   0.375594    0.382728
Iteration 2    0.517882   0.637718   0.545164   0.407706    0.418484

Epoch: 119
             Train loss  Test loss  P (macro)  R (macro)  F1 (macro)
Iteration 0    0.509846   0.685338   0.565604   0.416012    0.438247
Iteration 1    0.514288   0.734436   0.466454   0.361203    0.363394
Iteration 2    0.523691   0.627866   0.547136   0.407810    0.422741

Epoch: 120
             Train loss  Test loss  P (macro)  R (macro)  F1 (macro)
Iteration 0    0.520784   0.700871   0.557609   0.409974    0.428993
Iteration 1    0.522046   0.720061   0.679850   0.352228    0.350509
Iteration 2    0.517387   0.733466   0.470915   0.407287    0.413964

Epoch: 121
             Train loss  Test loss  P (macro)  R (macro)  F1 (macro)
Iteration 0    0.511610   0.755717   0.550757   0.429358    0.458723
Iteration 1    0.515655   0.787544   0.460693   0.359922    0.362683
Iteration 2    0.517061   0.673161   0.526324   0.411239    0.419270

Epoch: 122
             Train loss  Test loss  P (macro)  R (macro)  F1 (macro)
Iteration 0    0.515111   0.722633   0.584785   0.428730    0.460182
Iteration 1    0.519583   0.852489   0.486158   0.374142    0.381323
Iteration 2    0.518805   0.642812   0.537537   0.409972    0.424665

Epoch: 123
             Train loss  Test loss  P (macro)  R (macro)  F1 (macro)
Iteration 0    0.522692   0.681414   0.551070   0.407871    0.427367
Iteration 1    0.513176   0.743042   0.463188   0.358935    0.360836
Iteration 2    0.515873   0.760539   0.465168   0.404161    0.409508

Epoch: 124
             Train loss  Test loss  P (macro)  R (macro)  F1 (macro)
Iteration 0    0.512798   0.741066   0.547293   0.424430    0.453090
Iteration 1    0.520415   0.715684   0.677434   0.350343    0.347652
Iteration 2    0.513413   0.669193   0.520433   0.402182    0.410207

Epoch: 125
             Train loss  Test loss  P (macro)  R (macro)  F1 (macro)
Iteration 0    0.519803   0.769319   0.555057   0.425890    0.456041
Iteration 1    0.517118   0.752972   0.520774   0.362321    0.365245
Iteration 2    0.516583   0.640233   0.545822   0.416394    0.432207

Epoch: 126
             Train loss  Test loss  P (macro)  R (macro)  F1 (macro)
Iteration 0    0.510169   0.676178   0.548568   0.405260    0.423209
Iteration 1    0.516158   0.812650   0.483800   0.370323    0.378142
Iteration 2    0.513762   0.715456   0.495241   0.411881    0.421868

Epoch: 127
             Train loss  Test loss  P (macro)  R (macro)  F1 (macro)
Iteration 0    0.523164   0.680003   0.539599   0.402942    0.417820
Iteration 1    0.513517   0.740577   0.466179   0.361750    0.364191
Iteration 2    0.512597   0.693088   0.518526   0.407045    0.414127

Epoch: 128
             Train loss  Test loss  P (macro)  R (macro)  F1 (macro)
Iteration 0    0.511493   0.752008   0.564242   0.431422    0.462323
Iteration 1    0.515863   0.730785   0.518248   0.356977    0.357688
Iteration 2    0.512431   0.708600   0.514639   0.416964    0.426912

Epoch: 129
             Train loss  Test loss  P (macro)  R (macro)  F1 (macro)
Iteration 0    0.539040   0.748891   0.558087   0.420997    0.450119
Iteration 1    0.513048   0.787589   0.463207   0.362101    0.365063
Iteration 2    0.513792   0.685950   0.481430   0.405908    0.416398

Epoch: 130
             Train loss  Test loss  P (macro)  R (macro)  F1 (macro)
Iteration 0    0.516247   0.667068   0.583821   0.423769    0.450174
Iteration 1    0.513811   0.812549   0.482834   0.368618    0.376602
Iteration 2    0.513318   0.674463   0.453922   0.396878    0.403147

Epoch: 131
             Train loss  Test loss  P (macro)  R (macro)  F1 (macro)
Iteration 0    0.519999   0.709163   0.532431   0.405627    0.423917
Iteration 1    0.511694   0.746836   0.461082   0.357164    0.358686
Iteration 2    0.511776   0.744593   0.452571   0.398077    0.400794

Epoch: 132
             Train loss  Test loss  P (macro)  R (macro)  F1 (macro)
Iteration 0    0.513018   0.734396   0.578299   0.433724    0.465029
Iteration 1    0.513324   0.753943   0.686160   0.360298    0.362844
Iteration 2    0.510308   0.677660   0.491917   0.412485    0.424110

Epoch: 133
             Train loss  Test loss  P (macro)  R (macro)  F1 (macro)
Iteration 0    0.514246   0.701885   0.584033   0.432549    0.465037
Iteration 1    0.511811   0.800552   0.464209   0.363578    0.366631
Iteration 2    0.509427   0.673854   0.489271   0.407263    0.419035

Epoch: 134
             Train loss  Test loss  P (macro)  R (macro)  F1 (macro)
Iteration 0    0.516323   0.685279   0.561236   0.411312    0.430679
Iteration 1    0.507841   0.765811   0.461367   0.358029    0.359993
Iteration 2    0.508569   0.727319   0.477986   0.402108    0.406778

Epoch: 135
             Train loss  Test loss  P (macro)  R (macro)  F1 (macro)
Iteration 0    0.509685   0.703511   0.549482   0.419218    0.443016
Iteration 1    0.512545   0.754169   0.458918   0.355394    0.356508
Iteration 2    0.511330   0.710867   0.483135   0.407883    0.418392

Epoch: 136
             Train loss  Test loss  P (macro)  R (macro)  F1 (macro)
Iteration 0    0.513519   0.743556   0.575706   0.430909    0.461551
Iteration 1    0.508828   0.807581   0.458360   0.359179    0.361945
Iteration 2    0.507315   0.678886   0.489622   0.408625    0.420325

Epoch: 137
             Train loss  Test loss  P (macro)  R (macro)  F1 (macro)
Iteration 0    0.508873   0.684165   0.579101   0.409617    0.431636
Iteration 1    0.510123   0.790666   0.463371   0.361326    0.364123
Iteration 2    0.508751   0.703200   0.483608   0.409245    0.419589

Epoch: 138
             Train loss  Test loss  P (macro)  R (macro)  F1 (macro)
Iteration 0    0.515394   0.714296   0.577480   0.406892    0.427036
Iteration 1    0.510137   0.765910   0.516782   0.357254    0.358815
Iteration 2    0.507059   0.682942   0.486168   0.407834    0.418995

Epoch: 139
             Train loss  Test loss  P (macro)  R (macro)  F1 (macro)
Iteration 0    0.508749   0.748439   0.552903   0.420393    0.448418
Iteration 1    0.505337   0.817690   0.458895   0.359587    0.362375
Iteration 2    0.506222   0.706920   0.479954   0.406251    0.416334

Epoch: 140
             Train loss  Test loss  P (macro)  R (macro)  F1 (macro)
Iteration 0    0.510146   0.725108   0.568727   0.420491    0.447336
Iteration 1    0.512269   0.827261   0.455739   0.357254    0.359918
Iteration 2    0.505765   0.701225   0.452848   0.400060    0.405610

Epoch: 141
             Train loss  Test loss  P (macro)  R (macro)  F1 (macro)
Iteration 0    0.510579   0.683225   0.578420   0.419145    0.444204
Iteration 1    0.506458   0.764621   0.514701   0.356030    0.357565
Iteration 2    0.506530   0.704405   0.496115   0.411130    0.421570

Epoch: 142
             Train loss  Test loss  P (macro)  R (macro)  F1 (macro)
Iteration 0    0.505942   0.741781   0.553268   0.419961    0.447864
Iteration 1    0.506369   0.794012   0.454498   0.354316    0.356538
Iteration 2    0.506078   0.711442   0.460717   0.398428    0.403710

Epoch: 143
             Train loss  Test loss  P (macro)  R (macro)  F1 (macro)
Iteration 0    0.506567   0.740756    0.56595   0.426886    0.454567
Iteration 1    0.511737   0.823504    0.46183   0.362378    0.365267
Iteration 2    0.505694   0.707684    0.47817   0.404594    0.414592

Epoch: 144
             Train loss  Test loss  P (macro)  R (macro)  F1 (macro)
Iteration 0    0.509090   0.727782   0.543353   0.408034    0.428668
Iteration 1    0.504588   0.760177   0.515214   0.356006    0.357287
Iteration 2    0.505351   0.705593   0.483192   0.409245    0.419464

Epoch: 145
             Train loss  Test loss  P (macro)  R (macro)  F1 (macro)
Iteration 0    0.504574   0.767035   0.555213   0.423641    0.452191
Iteration 1    0.508926   0.769463   0.457854   0.354553    0.355368
Iteration 2    0.505383   0.683878   0.473318   0.404434    0.411426

Epoch: 146
             Train loss  Test loss  P (macro)  R (macro)  F1 (macro)
Iteration 0    0.508867   0.710910   0.564323   0.424016    0.452399
Iteration 1    0.506387   0.827914   0.456614   0.357637    0.360345
Iteration 2    0.506120   0.693115   0.481536   0.405590    0.416157

Epoch: 147
             Train loss  Test loss  P (macro)  R (macro)  F1 (macro)
Iteration 0    0.509364   0.691180   0.549018   0.404305    0.421254
Iteration 1    0.506380   0.789586   0.457326   0.356585    0.358986
Iteration 2    0.505984   0.706130   0.494944   0.410926    0.421061

Epoch: 148
             Train loss  Test loss  P (macro)  R (macro)  F1 (macro)
Iteration 0    0.508392   0.731936   0.561854   0.421519    0.449343
Iteration 1    0.504006   0.763132   0.509606   0.352081    0.352772
Iteration 2    0.506417   0.674222   0.475534   0.404091    0.411564

Epoch: 149
             Train loss  Test loss  P (macro)  R (macro)  F1 (macro)
Iteration 0    0.508339   0.764514   0.564668   0.430239    0.461011
Iteration 1    0.503029   0.823760   0.454896   0.355842    0.358379
Iteration 2    0.503999   0.761602   0.472148   0.408103    0.414969

Epoch: 150
             Train loss  Test loss  P (macro)  R (macro)  F1 (macro)
Iteration 0    0.503818   0.696081   0.560501   0.412789    0.433450
Iteration 1    0.502656   0.805303   0.455993   0.356111    0.358614
Iteration 2    0.503432   0.690950   0.498151   0.409719    0.420933

Epoch: 151
             Train loss  Test loss  P (macro)  R (macro)  F1 (macro)
Iteration 0    0.508861   0.696769   0.554229   0.409566    0.428523
Iteration 1    0.505467   0.767095   0.681133   0.355687    0.356981
Iteration 2    0.504635   0.730547   0.487206   0.407597    0.416307

Epoch: 152
             Train loss  Test loss  P (macro)  R (macro)  F1 (macro)
Iteration 0    0.505915   0.786890   0.545021   0.422776    0.449985
Iteration 1    0.502171   0.833890   0.453407   0.354732    0.357266
Iteration 2    0.501068   0.677785   0.505841   0.410143    0.422775

Epoch: 153
             Train loss  Test loss  P (macro)  R (macro)  F1 (macro)
Iteration 0    0.503675   0.728688   0.566349   0.418544    0.444084
Iteration 1    0.508364   0.888213   0.428776   0.359098    0.361365
Iteration 2    0.503349   0.822933   0.474829   0.403166    0.408207

Epoch: 154
             Train loss  Test loss  P (macro)  R (macro)  F1 (macro)
Iteration 0    0.509276   0.696223   0.562987   0.416966    0.439917
Iteration 1    0.505906   0.771436   0.506074   0.350065    0.351064
Iteration 2    0.508439   0.738030   0.476424   0.408845    0.417130

Epoch: 155
             Train loss  Test loss  P (macro)  R (macro)  F1 (macro)
Iteration 0    0.501861   0.780955   0.536546   0.418810    0.445508
Iteration 1    0.507439   0.752951   0.512167   0.353166    0.353358
Iteration 2    0.502167   0.743735   0.462519   0.403242    0.407738

Epoch: 156
             Train loss  Test loss  P (macro)  R (macro)  F1 (macro)
Iteration 0    0.505050   0.774526   0.559351   0.421340    0.449228
Iteration 1    0.502961   0.839277   0.433860   0.362631    0.365319
Iteration 2    0.503124   0.757029   0.481952   0.404969    0.412678

Epoch: 157
             Train loss  Test loss  P (macro)  R (macro)  F1 (macro)
Iteration 0    0.505994   0.716395   0.560487   0.407667    0.428191
Iteration 1    0.508620   0.857952   0.437172   0.365830    0.368583
Iteration 2    0.500677   0.703484   0.487967   0.411808    0.422677

Epoch: 158
             Train loss  Test loss  P (macro)  R (macro)  F1 (macro)
Iteration 0    0.501503   0.758065   0.551755   0.417758    0.445137
Iteration 1    0.502150   0.782511   0.511930   0.353280    0.353631
Iteration 2    0.502219   0.738800   0.500726   0.404692    0.413974

Epoch: 159
             Train loss  Test loss  P (macro)  R (macro)  F1 (macro)
Iteration 0    0.509551   0.766555   0.543358   0.427922    0.455763
Iteration 1    0.505896   0.771533   0.510279   0.352489    0.353178
Iteration 2    0.502672   0.716007   0.474550   0.404349    0.413450

Epoch: 160
             Train loss  Test loss  P (macro)  R (macro)  F1 (macro)
Iteration 0    0.499316   0.700396   0.519349   0.389400    0.399159
Iteration 1    0.503643   0.828305   0.457800   0.358886    0.361630
Iteration 2    0.503939   0.701262   0.493737   0.407361    0.417992

Epoch: 161
             Train loss  Test loss  P (macro)  R (macro)  F1 (macro)
Iteration 0    0.515753   0.698906   0.526433   0.390828    0.400524
Iteration 1    0.501087   0.785696   0.513457   0.356422    0.358645
Iteration 2    0.501143   0.734973   0.473217   0.399660    0.403511

Epoch: 162
             Train loss  Test loss  P (macro)  R (macro)  F1 (macro)
Iteration 0    0.502462   0.771785   0.528950   0.415785    0.439300
Iteration 1    0.504777   0.789911   0.676739   0.352146    0.352520
Iteration 2    0.503039   0.726605   0.461742   0.398722    0.404184

Epoch: 163
             Train loss  Test loss  P (macro)  R (macro)  F1 (macro)
Iteration 0    0.511195   0.733151   0.552817   0.425803    0.451870
Iteration 1    0.498999   0.842359   0.458499   0.358290    0.360988
Iteration 2    0.499189   0.727598   0.461661   0.401357    0.406140

Epoch: 164
             Train loss  Test loss  P (macro)  R (macro)  F1 (macro)
Iteration 0    0.504356   0.690322   0.544509   0.405374    0.423501
Iteration 1    0.505104   0.846988   0.459155   0.360020    0.362834
Iteration 2    0.500252   0.699455   0.517212   0.411987    0.423902

Epoch: 165
             Train loss  Test loss  P (macro)  R (macro)  F1 (macro)
Iteration 0    0.504856   0.724383   0.552413   0.418486    0.444638
Iteration 1    0.499087   0.760270   0.511397   0.352872    0.353238
Iteration 2    0.501250   0.705442   0.494168   0.407997    0.418638

Epoch: 166
             Train loss  Test loss  P (macro)  R (macro)  F1 (macro)
Iteration 0    0.501839   0.771996   0.535699   0.417311    0.442274
Iteration 1    0.506168   0.775272   0.680835   0.354937    0.355795
Iteration 2    0.499461   0.724992   0.504263   0.405459    0.415577

Epoch: 167
             Train loss  Test loss  P (macro)  R (macro)  F1 (macro)
Iteration 0    0.500183   0.733544   0.531940   0.403842    0.422916
Iteration 1    0.499547   0.837289   0.461354   0.361423    0.364317
Iteration 2    0.499805   0.698992   0.499658   0.410331    0.421781

Epoch: 168
             Train loss  Test loss  P (macro)  R (macro)  F1 (macro)
Iteration 0    0.500145   0.706780   0.560803   0.413436    0.437065
Iteration 1    0.499054   0.797769   0.512416   0.356152    0.358581
Iteration 2    0.500398   0.717321   0.484163   0.411130    0.421171

Epoch: 169
             Train loss  Test loss  P (macro)  R (macro)  F1 (macro)
Iteration 0    0.501521   0.746732   0.549632   0.416308    0.442021
Iteration 1    0.498068   0.767914   0.509137   0.351763    0.352290
Iteration 2    0.496795   0.766375   0.496154   0.404586    0.412165

Epoch: 170
             Train loss  Test loss  P (macro)  R (macro)  F1 (macro)
Iteration 0    0.500118   0.731814   0.551788   0.408812    0.430378
Iteration 1    0.495620   0.833010   0.453407   0.354732    0.357266
Iteration 2    0.499217   0.705135   0.487419   0.410763    0.421708

Epoch: 171
             Train loss  Test loss  P (macro)  R (macro)  F1 (macro)
Iteration 0    0.499493   0.735819   0.547729   0.415141    0.438722
Iteration 1    0.501864   0.837287   0.458856   0.359473    0.362239
Iteration 2    0.497892   0.705121   0.497978   0.410673    0.421680

Epoch: 172
             Train loss  Test loss  P (macro)  R (macro)  F1 (macro)
Iteration 0    0.498105   0.734569   0.558572   0.419741    0.444833
Iteration 1    0.498027   0.773466   0.679123   0.354349    0.355492
Iteration 2    0.497825   0.735999   0.503294   0.407483    0.416709

Epoch: 173
             Train loss  Test loss  P (macro)  R (macro)  F1 (macro)
Iteration 0    0.496010   0.763754   0.547206   0.413174    0.438142
Iteration 1    0.497192   0.809915   0.507273   0.352024    0.354086
Iteration 2    0.498117   0.732738   0.488846   0.407981    0.417112

Epoch: 174
             Train loss  Test loss  P (macro)  R (macro)  F1 (macro)
Iteration 0    0.499380   0.759325   0.538250   0.406527    0.428324
Iteration 1    0.502211   0.855795   0.456008   0.357343    0.360019
Iteration 2    0.498507   0.775849   0.449565   0.395923    0.398269

Epoch: 175
             Train loss  Test loss  P (macro)  R (macro)  F1 (macro)
Iteration 0    0.496511   0.745577   0.545610   0.404658    0.424765
Iteration 1    0.496148   0.774190   0.676181   0.352171    0.352866
Iteration 2    0.496718   0.720514   0.462971   0.400811    0.406116

Epoch: 176
             Train loss  Test loss  P (macro)  R (macro)  F1 (macro)
Iteration 0    0.496560   0.733947   0.555809   0.412326    0.435970
Iteration 1    0.502811   0.777589   0.337397   0.341190    0.333924
Iteration 2    0.499357   0.768486   0.485106   0.406805    0.415041

Epoch: 177
             Train loss  Test loss  P (macro)  R (macro)  F1 (macro)
Iteration 0    0.496487   0.748914   0.540096   0.403549    0.423669
Iteration 1    0.496939   0.879324   0.457825   0.359547    0.362226
Iteration 2    0.494436   0.759482   0.467654   0.396828    0.399617

Epoch: 178
             Train loss  Test loss  P (macro)  R (macro)  F1 (macro)
Iteration 0    0.496896   0.750580   0.543043   0.405205    0.425827
Iteration 1    0.508172   0.909332   0.435463   0.366270    0.368335
Iteration 2    0.498051   0.731856   0.504839   0.407548    0.417240

Epoch: 179
             Train loss  Test loss  P (macro)  R (macro)  F1 (macro)
Iteration 0    0.493954   0.752600   0.543043   0.405205    0.425827
Iteration 1    0.497708   0.771683   0.674873   0.350898    0.350926
Iteration 2    0.497677   0.779251   0.480091   0.403223    0.410884

Epoch: 180
             Train loss  Test loss  P (macro)  R (macro)  F1 (macro)
Iteration 0    0.497247   0.723593   0.552257   0.410465    0.433596
Iteration 1    0.510312   0.752147   0.348040   0.343622    0.331067
Iteration 2    0.500439   0.712256   0.515619   0.406865    0.413242

Epoch: 181
             Train loss  Test loss  P (macro)  R (macro)  F1 (macro)
Iteration 0    0.496430   0.731723   0.547406   0.406111    0.426683
Iteration 1    0.499969   0.812239   0.511569   0.355973    0.358481
Iteration 2    0.497221   0.768991   0.519812   0.405173    0.413547

Epoch: 182
             Train loss  Test loss  P (macro)  R (macro)  F1 (macro)
Iteration 0    0.494680   0.760074   0.544424   0.406772    0.428015
Iteration 1    0.502100   0.907444   0.431662   0.361774    0.364119
Iteration 2    0.502154   0.760345   0.483435   0.402807    0.411792

Epoch: 183
             Train loss  Test loss  P (macro)  R (macro)  F1 (macro)
Iteration 0    0.493299   0.769952   0.528673   0.400627    0.420940
Iteration 1    0.495240   0.795308   0.676707   0.353264    0.354801
Iteration 2    0.496205   0.736752   0.505145   0.400835    0.405867

Epoch: 184
             Train loss  Test loss  P (macro)  R (macro)  F1 (macro)
Iteration 0    0.493569   0.768433   0.557110   0.410563    0.435844
Iteration 1    0.501906   0.769667   0.342110   0.343271    0.334767
Iteration 2    0.495361   0.697592   0.472322   0.405388    0.411984

Epoch: 185
             Train loss  Test loss  P (macro)  R (macro)  F1 (macro)
Iteration 0    0.494669   0.754291   0.531452   0.403320    0.422161
Iteration 1    0.495935   0.835965   0.512364   0.357474    0.360228
Iteration 2    0.500205   0.735485   0.503123   0.405165    0.415039

Epoch: 186
             Train loss  Test loss  P (macro)  R (macro)  F1 (macro)
Iteration 0    0.492588   0.748955   0.543446   0.404569    0.424797
Iteration 1    0.503209   0.917706   0.439673   0.370170    0.372372
Iteration 2    0.496770   0.783973   0.446049   0.392088    0.394570

Epoch: 187
             Train loss  Test loss  P (macro)  R (macro)  F1 (macro)
Iteration 0    0.492950   0.779802   0.524928   0.394575    0.412975
Iteration 1    0.495915   0.795430   0.506908   0.351020    0.352385
Iteration 2    0.494129   0.723654   0.465011   0.403193    0.408447

Epoch: 188
             Train loss  Test loss  P (macro)  R (macro)  F1 (macro)
Iteration 0    0.493415   0.775620   0.533041   0.402577    0.423211
Iteration 1    0.501218   0.771643   0.333123   0.337894    0.328108
Iteration 2    0.498149   0.730540   0.511817   0.412175    0.422669

Epoch: 189
             Train loss  Test loss  P (macro)  R (macro)  F1 (macro)
Iteration 0    0.493220   0.746800   0.510980   0.390327    0.403513
Iteration 1    0.496939   0.835999   0.511712   0.356405    0.359006
Iteration 2    0.497655   0.802299   0.492597   0.395311    0.397750

Epoch: 190
             Train loss  Test loss  P (macro)  R (macro)  F1 (macro)
Iteration 0    0.492548   0.773122   0.511034   0.397203    0.413996
Iteration 1    0.500796   0.910454   0.463421   0.366017    0.368492
Iteration 2    0.497414   0.780540   0.462765   0.390586    0.393885

Epoch: 191
             Train loss  Test loss  P (macro)  R (macro)  F1 (macro)
Iteration 0    0.491911   0.757460   0.501567   0.388948    0.402628
Iteration 1    0.493794   0.790895   0.510429   0.353811    0.355510
Iteration 2    0.495876   0.733415   0.479457   0.401969    0.407117

Epoch: 192
             Train loss  Test loss  P (macro)  R (macro)  F1 (macro)
Iteration 0    0.493041   0.759941   0.514475   0.397268    0.413619
Iteration 1    0.499224   0.766581   0.337780   0.340570    0.331153
Iteration 2    0.495606   0.744936   0.505689   0.401994    0.406872

Epoch: 193
             Train loss  Test loss  P (macro)  R (macro)  F1 (macro)
Iteration 0    0.490983   0.771072   0.493470   0.387128    0.398762
Iteration 1    0.493734   0.830072   0.513025   0.357425    0.360044
Iteration 2    0.494010   0.756374   0.527219   0.407344    0.417580

Epoch: 194
             Train loss  Test loss  P (macro)  R (macro)  F1 (macro)
Iteration 0    0.490677   0.778059   0.525460   0.395097    0.413666
Iteration 1    0.499631   0.909016   0.434367   0.364679    0.366955
Iteration 2    0.496989   0.814780   0.490259   0.400506    0.407227

Epoch: 195
             Train loss  Test loss  P (macro)  R (macro)  F1 (macro)
Iteration 0    0.491397   0.776486   0.518795   0.395546    0.412684
Iteration 1    0.494261   0.792744   0.512985   0.355671    0.357614
Iteration 2    0.492833   0.773607   0.453876   0.397824    0.401154

Epoch: 196
             Train loss  Test loss  P (macro)  R (macro)  F1 (macro)
Iteration 0    0.490145   0.760882   0.515564   0.388083    0.401728
Iteration 1    0.500346   0.762360   0.339380   0.341615    0.332677
Iteration 2    0.496704   0.767476   0.505069   0.409457    0.418638

Epoch: 197
             Train loss  Test loss  P (macro)  R (macro)  F1 (macro)
Iteration 0    0.493550   0.775149   0.499673   0.386655    0.399539
Iteration 1    0.493717   0.827840   0.512525   0.357131    0.359796
Iteration 2    0.494526   0.782696   0.381401   0.384893    0.382642

Epoch: 198
             Train loss  Test loss  P (macro)  R (macro)  F1 (macro)
Iteration 0    0.492228   0.776369   0.519380   0.395750    0.412907
Iteration 1    0.498807   0.916017   0.463329   0.366246    0.368592
Iteration 2    0.497573   0.856329   0.485476   0.393213    0.392751

Epoch: 199
             Train loss  Test loss  P (macro)  R (macro)  F1 (macro)
Iteration 0    0.489629   0.763171   0.505282   0.387536    0.399886
Iteration 1    0.493231   0.802331   0.676811   0.353925    0.355897
Iteration 2    0.498140   0.763732   0.481043   0.411612    0.420573

Epoch: 200
             Train loss  Test loss  P (macro)  R (macro)  F1 (macro)
Iteration 0    0.489994   0.785622   0.499418   0.386859    0.399694
Iteration 1    0.497907   0.768603   0.344542   0.344495    0.335940
Iteration 2    0.502003   0.734512   0.487615   0.404572    0.411221

