RESULTS REPORT (SINGLE SENTENCE CLASSIFICATION)
Model: InCaseLaw
Encoder: law-ai/InCaseLawBERT
Dataset: facts
Evaluation: development set (3 random seeds)
Max sequence length: 512
Batch size: 16
Dropout rate: 0.2
Learning rate (encoder): 1e-05
Number of epochs (encoder): 4
Stop epoch (encoder): 2
Embedding dim (encoder): 768
Learning rate (classifier): 0.0001
Number of epochs (classifier): 200
Hidden dim (classifier): 200
Adam Epsilon: 1e-08
Weight decay: 0.001
Train time: 00h59m12s
GPU name: Tesla V100-SXM2-16GB
GPU memory: 15.78

Averages:
Epoch Train loss   std    Test loss   std    P (macro) P std  R (macro) R std  F1 (macro) F1 std
   1   1.095722  0.075139  0.993758 0.093055   0.4072  0.1261   0.3411  0.0299   0.2568   0.0379
   2   0.999275  0.046679  0.885249 0.050839   0.3640  0.1046   0.3376  0.0048   0.2989   0.0118
   3   0.946764  0.028280  0.836547 0.026720   0.3917  0.1423   0.3374  0.0052   0.2981   0.0125
   4   0.921591  0.018693  0.817029 0.017068   0.3914  0.1424   0.3369  0.0045   0.2978   0.0121
   5   0.906867  0.016197  0.805225 0.013269   0.3913  0.1426   0.3371  0.0039   0.2986   0.0113
   6   0.894175  0.014943  0.798020 0.010911   0.3913  0.1432   0.3386  0.0037   0.3023   0.0104
   7   0.882575  0.013729  0.794132 0.010413   0.4429  0.0668   0.3376  0.0049   0.2984   0.0101
   8   0.870592  0.013504  0.786804 0.010644   0.5090  0.0622   0.3395  0.0045   0.3017   0.0090
   9   0.858535  0.012386  0.775789 0.009999   0.5516  0.0530   0.3396  0.0037   0.3014   0.0074
  10   0.846930  0.012821  0.765774 0.009233   0.5518  0.0531   0.3408  0.0046   0.3038   0.0092
  11   0.834936  0.013173  0.758482 0.008927   0.5496  0.0348   0.3435  0.0064   0.3093   0.0129
  12   0.823360  0.012922  0.753671 0.009152   0.5370  0.0384   0.3464  0.0044   0.3160   0.0093
  13   0.811390  0.011982  0.748181 0.009116   0.5112  0.0336   0.3516  0.0014   0.3269   0.0033
  14   0.799915  0.012571  0.738702 0.008353   0.4951  0.0308   0.3518  0.0013   0.3278   0.0027
  15   0.785946  0.013258  0.728175 0.008136   0.4851  0.0290   0.3514  0.0020   0.3274   0.0043
  16   0.772110  0.013415  0.721370 0.008974   0.4480  0.0257   0.3520  0.0018   0.3307   0.0050
  17   0.758288  0.013862  0.716780 0.010063   0.4181  0.0176   0.3548  0.0030   0.3387   0.0061
  18   0.743614  0.013783  0.707525 0.009160   0.4017  0.0191   0.3531  0.0044   0.3374   0.0074
  19   0.727325  0.014217  0.696040 0.008769   0.3909  0.0168   0.3520  0.0045   0.3369   0.0082
  20   0.710551  0.014850  0.689949 0.010483   0.3710  0.0138   0.3522  0.0067   0.3410   0.0105
  21   0.692096  0.016104  0.681495 0.011473   0.3652  0.0131   0.3527  0.0068   0.3442   0.0090
  22   0.673978  0.016414  0.669721 0.008747   0.3612  0.0130   0.3523  0.0083   0.3439   0.0117
  23   0.655138  0.017692  0.669421 0.014644   0.3644  0.0076   0.3584  0.0043   0.3542   0.0050
  24   0.636796  0.016346  0.660137 0.007139   0.3547  0.0123   0.3531  0.0110   0.3458   0.0146
  25   0.624695  0.011166  0.669398 0.035283   0.3617  0.0136   0.3616  0.0149   0.3565   0.0185
  26   0.622166  0.004473  0.646402 0.045846   0.3508  0.0064   0.3477  0.0117   0.3322   0.0208
  27   0.612850  0.009200  0.668949 0.048805   0.4542  0.1715   0.3523  0.0230   0.3417   0.0288
  28   0.608671  0.011469  0.741292 0.071122   0.3475  0.0019   0.3573  0.0040   0.3472   0.0037
  29   0.607023  0.003113  0.641741 0.050667   0.3513  0.0028   0.3455  0.0070   0.3301   0.0159
  30   0.604076  0.012971  0.659566 0.055021   0.3942  0.0711   0.3491  0.0195   0.3258   0.0301
  31   0.603085  0.010123  0.754703 0.051530   0.3466  0.0090   0.3575  0.0112   0.3471   0.0121
  32   0.600721  0.013095  0.726784 0.077908   0.3413  0.0055   0.3512  0.0096   0.3402   0.0091
  33   0.593987  0.011495  0.614819 0.013131   0.3573  0.0123   0.3399  0.0029   0.3154   0.0054
  34   0.603434  0.010332  0.632303 0.011369   0.4024  0.0410   0.3462  0.0090   0.3234   0.0250
  35   0.588125  0.010374  0.718419 0.068396   0.5252  0.1330   0.3697  0.0086   0.3657   0.0097
  36   0.592498  0.011874  0.733140 0.096007   0.4161  0.0828   0.3753  0.0233   0.3722   0.0292
  37   0.584202  0.003300  0.616991 0.012389   0.3448  0.0067   0.3415  0.0027   0.3281   0.0042
  38   0.587168  0.007835  0.643956 0.044381   0.3663  0.0279   0.3510  0.0189   0.3300   0.0287
  39   0.583323  0.002786  0.736834 0.038303   0.3553  0.0138   0.3653  0.0138   0.3579   0.0129
  40   0.581809  0.009641  0.724539 0.071943   0.3563  0.0103   0.3646  0.0151   0.3564   0.0131
  41   0.578731  0.006441  0.621672 0.010571   0.3471  0.0119   0.3415  0.0043   0.3263   0.0054
  42   0.582100  0.009774  0.654053 0.041662   0.3801  0.0471   0.3480  0.0128   0.3285   0.0236
  43   0.576637  0.005748  0.737511 0.060923   0.4529  0.0678   0.3783  0.0120   0.3771   0.0136
  44   0.578932  0.010556  0.744585 0.076874   0.4188  0.0920   0.3753  0.0222   0.3741   0.0323
  45   0.573408  0.006037  0.636656 0.020768   0.3506  0.0152   0.3458  0.0078   0.3358   0.0103
  46   0.573215  0.005162  0.654977 0.043395   0.3666  0.0306   0.3495  0.0111   0.3337   0.0183
  47   0.567900  0.001802  0.761786 0.038347   0.3808  0.0454   0.3664  0.0211   0.3603   0.0198
  48   0.570898  0.010429  0.753983 0.078696   0.3977  0.0577   0.3674  0.0148   0.3626   0.0146
  49   0.564788  0.005926  0.647246 0.034439   0.3549  0.0191   0.3451  0.0086   0.3326   0.0118
  50   0.571268  0.009653  0.669934 0.040775   0.3975  0.0738   0.3474  0.0111   0.3274   0.0218
  51   0.565835  0.005438  0.744399 0.058897   0.3933  0.0629   0.3656  0.0209   0.3634   0.0223
  52   0.564962  0.011056  0.756034 0.073083   0.4083  0.0754   0.3672  0.0144   0.3625   0.0150
  53   0.560651  0.005858  0.658977 0.033409   0.3558  0.0217   0.3477  0.0101   0.3392   0.0109
  54   0.564877  0.009489  0.679691 0.055881   0.3999  0.0531   0.3523  0.0171   0.3394   0.0295
  55   0.559871  0.003274  0.782579 0.053105   0.5049  0.1247   0.3717  0.0178   0.3705   0.0156
  56   0.561946  0.011062  0.791165 0.081947   0.4121  0.0840   0.3713  0.0162   0.3701   0.0244
  57   0.557231  0.005560  0.662263 0.043564   0.3584  0.0189   0.3482  0.0081   0.3391   0.0083
  58   0.560571  0.010433  0.692543 0.051466   0.3995  0.0549   0.3485  0.0157   0.3343   0.0296
  59   0.554937  0.004751  0.779822 0.059181   0.5064  0.1254   0.3661  0.0180   0.3660   0.0173
  60   0.555265  0.008691  0.777157 0.079177   0.4669  0.0689   0.3745  0.0081   0.3741   0.0027
  61   0.551601  0.004846  0.669715 0.047137   0.3633  0.0248   0.3485  0.0096   0.3387   0.0100
  62   0.556618  0.010925  0.702707 0.055535   0.4071  0.0548   0.3486  0.0144   0.3341   0.0284
  63   0.551594  0.005250  0.781612 0.061721   0.5047  0.1269   0.3635  0.0176   0.3635   0.0175
  64   0.550337  0.010507  0.771451 0.073716   0.5050  0.0637   0.3701  0.0072   0.3710   0.0093
  65   0.548384  0.004996  0.668923 0.038474   0.3691  0.0247   0.3504  0.0082   0.3405   0.0086
  66   0.551978  0.009939  0.704465 0.053661   0.3894  0.0478   0.3487  0.0123   0.3357   0.0264
  67   0.547010  0.006017  0.795276 0.047751   0.5000  0.1307   0.3652  0.0143   0.3658   0.0152
  68   0.544691  0.009172  0.763006 0.078711   0.5105  0.0686   0.3728  0.0083   0.3803   0.0120
  69   0.544702  0.005766  0.675438 0.045774   0.5442  0.1176   0.3584  0.0064   0.3543   0.0046
  70   0.545752  0.004444  0.705923 0.023526   0.3848  0.0507   0.3524  0.0102   0.3484   0.0192
  71   0.544375  0.004998  0.819436 0.037455   0.3898  0.0635   0.3658  0.0177   0.3632   0.0208
  72   0.539814  0.005753  0.746874 0.074566   0.4820  0.0800   0.3588  0.0024   0.3594   0.0086
  73   0.539705  0.007010  0.696142 0.037153   0.4715  0.1833   0.3497  0.0088   0.3424   0.0093
  74   0.538352  0.009531  0.786965 0.056681   0.4458  0.0523   0.3636  0.0111   0.3583   0.0208
  75   0.544748  0.004373  0.870918 0.055110   0.6047  0.0899   0.3633  0.0194   0.3637   0.0173
  76   0.540290  0.009614  0.766713 0.095447   0.4908  0.0790   0.3632  0.0058   0.3608   0.0133
  77   0.539215  0.004977  0.686034 0.040887   0.4221  0.0922   0.3563  0.0098   0.3517   0.0129
  78   0.539133  0.004213  0.738080 0.030310   0.4794  0.1040   0.3592  0.0163   0.3590   0.0253
  79   0.531760  0.003735  0.783580 0.072118   0.5055  0.1491   0.3636  0.0135   0.3638   0.0175
  80   0.532348  0.007077  0.774216 0.068177   0.5398  0.0297   0.3674  0.0046   0.3705   0.0078
  81   0.532907  0.006107  0.709754 0.014640   0.3979  0.0592   0.3604  0.0111   0.3581   0.0156
  82   0.533565  0.006500  0.760272 0.068907   0.5315  0.1649   0.3565  0.0111   0.3517   0.0175
  83   0.530943  0.003546  0.810728 0.082471   0.3899  0.0538   0.3586  0.0092   0.3566   0.0134
  84   0.531760  0.005633  0.795074 0.045877   0.5512  0.0991   0.3696  0.0016   0.3718   0.0037
  85   0.525047  0.004160  0.726440 0.013676   0.4690  0.1796   0.3522  0.0101   0.3474   0.0127
  86   0.531828  0.007347  0.776716 0.056891   0.5462  0.1639   0.3566  0.0131   0.3519   0.0198
  87   0.523562  0.004663  0.808217 0.037908   0.4453  0.0778   0.3603  0.0100   0.3616   0.0140
  88   0.528747  0.008774  0.797152 0.050318   0.5005  0.1316   0.3631  0.0095   0.3642   0.0144
  89   0.524253  0.007008  0.773071 0.064542   0.5009  0.1466   0.3530  0.0102   0.3502   0.0160
  90   0.522204  0.002900  0.807106 0.080853   0.4727  0.1005   0.3558  0.0115   0.3576   0.0156
  91   0.522728  0.007356  0.781108 0.064862   0.4567  0.0940   0.3577  0.0091   0.3599   0.0138
  92   0.517524  0.004064  0.749306 0.018097   0.4999  0.1499   0.3585  0.0160   0.3585   0.0248
  93   0.521280  0.003177  0.765570 0.038437   0.4541  0.0891   0.3616  0.0151   0.3628   0.0228
  94   0.516924  0.007665  0.778124 0.055094   0.4581  0.0898   0.3545  0.0034   0.3549   0.0075
  95   0.514826  0.004091  0.800292 0.030735   0.4614  0.0860   0.3534  0.0066   0.3510   0.0094
  96   0.520265  0.002917  0.831474 0.052027   0.4771  0.1032   0.3597  0.0152   0.3598   0.0209
  97   0.511453  0.004170  0.774126 0.055093   0.4891  0.1090   0.3586  0.0107   0.3585   0.0156
  98   0.520021  0.008946  0.753088 0.032196   0.4795  0.0998   0.3600  0.0143   0.3584   0.0204
  99   0.513666  0.004422  0.838848 0.043238   0.3934  0.0814   0.3504  0.0124   0.3470   0.0191
 100   0.523410  0.012884  0.903263 0.104950   0.4132  0.0974   0.3627  0.0173   0.3607   0.0202
 101   0.514133  0.003728  0.817992 0.094241   0.5213  0.1521   0.3573  0.0053   0.3562   0.0111
 102   0.519169  0.008357  0.758105 0.051684   0.4723  0.0948   0.3605  0.0135   0.3613   0.0192
 103   0.511723  0.004728  0.806973 0.042313   0.4618  0.0783   0.3597  0.0079   0.3602   0.0127
 104   0.514429  0.001301  0.866695 0.093521   0.4215  0.0949   0.3629  0.0188   0.3607   0.0239
 105   0.508159  0.005287  0.775543 0.035589   0.4028  0.0836   0.3525  0.0132   0.3503   0.0204
 106   0.516432  0.001245  0.762610 0.041403   0.4713  0.0990   0.3590  0.0165   0.3583   0.0241
 107   0.508756  0.004705  0.833521 0.053664   0.4434  0.0725   0.3563  0.0045   0.3558   0.0090
 108   0.510629  0.001657  0.862892 0.074982   0.4517  0.0781   0.3640  0.0124   0.3628   0.0149
 109   0.505302  0.002517  0.773867 0.014478   0.4156  0.0748   0.3571  0.0082   0.3543   0.0157
 110   0.508511  0.004421  0.772633 0.032636   0.4692  0.0955   0.3576  0.0132   0.3573   0.0187
 111   0.505364  0.003898  0.853047 0.058116   0.4577  0.0865   0.3574  0.0106   0.3582   0.0142
 112   0.505539  0.004196  0.821146 0.048400   0.4625  0.0829   0.3555  0.0069   0.3540   0.0126
 113   0.502692  0.002100  0.794579 0.026978   0.4592  0.0841   0.3558  0.0095   0.3567   0.0154
 114   0.508724  0.008803  0.811987 0.077197   0.4638  0.0907   0.3588  0.0110   0.3608   0.0156
 115   0.500854  0.003209  0.839122 0.037894   0.4021  0.0734   0.3512  0.0065   0.3485   0.0135
 116   0.504483  0.005743  0.831111 0.040214   0.5080  0.1403   0.3515  0.0108   0.3517   0.0179
 117   0.504466  0.006352  0.835788 0.079946   0.4609  0.0889   0.3568  0.0094   0.3584   0.0138
 118   0.503393  0.004912  0.880123 0.065361   0.4499  0.0860   0.3545  0.0078   0.3543   0.0107
 119   0.499740  0.001834  0.823973 0.019663   0.5141  0.1447   0.3564  0.0124   0.3572   0.0195
 120   0.500989  0.002736  0.830396 0.060380   0.4633  0.0887   0.3570  0.0118   0.3570   0.0180
 121   0.500550  0.006770  0.879874 0.062886   0.4647  0.0948   0.3561  0.0110   0.3553   0.0139
 122   0.500187  0.005173  0.872694 0.036872   0.3882  0.0676   0.3535  0.0154   0.3495   0.0219
 123   0.501478  0.004458  0.796764 0.034437   0.4049  0.0838   0.3529  0.0125   0.3498   0.0204
 124   0.498210  0.004435  0.824779 0.072862   0.4436  0.0736   0.3579  0.0061   0.3592   0.0106
 125   0.499997  0.005545  0.865589 0.054706   0.4434  0.0677   0.3589  0.0054   0.3595   0.0095
 126   0.498460  0.000802  0.847211 0.042227   0.4099  0.0781   0.3568  0.0143   0.3528   0.0208
 127   0.496623  0.003723  0.823139 0.068587   0.4645  0.0903   0.3577  0.0106   0.3589   0.0154
 128   0.497137  0.002821  0.832928 0.039511   0.4319  0.0702   0.3578  0.0122   0.3596   0.0183
 129   0.495271  0.002280  0.886549 0.038303   0.4362  0.0734   0.3549  0.0133   0.3532   0.0185
 130   0.494164  0.006607  0.868775 0.053345   0.3959  0.0830   0.3482  0.0114   0.3458   0.0188
 131   0.493886  0.004596  0.832520 0.058255   0.5380  0.1537   0.3577  0.0171   0.3583   0.0247
 132   0.493432  0.006659  0.877506 0.060816   0.4422  0.0727   0.3551  0.0084   0.3540   0.0134
 133   0.493587  0.004329  0.874270 0.059699   0.4576  0.0814   0.3565  0.0110   0.3553   0.0158
 134   0.490697  0.004301  0.858106 0.049026   0.5132  0.1475   0.3538  0.0104   0.3536   0.0166
 135   0.488039  0.003579  0.895408 0.049913   0.4998  0.1533   0.3527  0.0135   0.3520   0.0198
 136   0.489338  0.004286  0.860988 0.056057   0.5195  0.1482   0.3595  0.0144   0.3599   0.0209
 137   0.489588  0.003572  0.851645 0.065976   0.3960  0.0634   0.3538  0.0097   0.3511   0.0167
 138   0.486848  0.003263  0.886263 0.054971   0.4045  0.0812   0.3551  0.0142   0.3526   0.0208
 139   0.487422  0.002364  0.900222 0.060589   0.4199  0.1026   0.3518  0.0097   0.3496   0.0164
 140   0.485895  0.003345  0.866296 0.051452   0.4046  0.0772   0.3530  0.0104   0.3499   0.0180
 141   0.485226  0.004296  0.890972 0.079387   0.3853  0.0498   0.3548  0.0071   0.3532   0.0134
 142   0.487122  0.003053  0.887154 0.070165   0.5185  0.1422   0.3589  0.0053   0.3599   0.0103
 143   0.483874  0.003524  0.869437 0.037652   0.5152  0.1422   0.3550  0.0104   0.3541   0.0177
 144   0.485567  0.002571  0.876055 0.050393   0.4031  0.0791   0.3526  0.0113   0.3503   0.0181
 145   0.483695  0.004238  0.864190 0.045867   0.5186  0.1445   0.3577  0.0099   0.3579   0.0163
 146   0.485675  0.003621  0.872678 0.062096   0.5221  0.1448   0.3599  0.0115   0.3604   0.0180
 147   0.482505  0.003613  0.913518 0.075304   0.4060  0.0781   0.3558  0.0096   0.3545   0.0161
 148   0.483276  0.002326  0.885606 0.050034   0.4062  0.0775   0.3534  0.0114   0.3503   0.0192
 149   0.481010  0.002950  0.898292 0.089334   0.4095  0.0766   0.3575  0.0093   0.3567   0.0152
 150   0.482485  0.002576  0.904639 0.085260   0.4077  0.0758   0.3562  0.0077   0.3550   0.0142
 151   0.481168  0.003969  0.898769 0.047502   0.5189  0.1516   0.3579  0.0136   0.3579   0.0204
 152   0.478976  0.003760  0.903433 0.072552   0.4065  0.0826   0.3546  0.0149   0.3531   0.0212
 153   0.479515  0.003349  0.899305 0.073347   0.4062  0.0856   0.3552  0.0169   0.3526   0.0249
 154   0.482010  0.003021  0.903072 0.057959   0.5149  0.1483   0.3555  0.0124   0.3553   0.0190
 155   0.479346  0.003140  0.914193 0.078001   0.4093  0.0779   0.3569  0.0106   0.3551   0.0174
 156   0.477948  0.003075  0.918839 0.074472   0.4600  0.1593   0.3522  0.0118   0.3488   0.0162
 157   0.476899  0.003830  0.925931 0.083839   0.4275  0.1077   0.3545  0.0160   0.3517   0.0232
 158   0.477071  0.004892  0.928341 0.069047   0.5132  0.1293   0.3561  0.0118   0.3563   0.0177
 159   0.480177  0.006608  0.947361 0.077305   0.5162  0.1499   0.3578  0.0135   0.3591   0.0192
 160   0.475193  0.003020  0.953027 0.088743   0.4149  0.0851   0.3578  0.0169   0.3551   0.0250
 161   0.534074  0.039804  0.940768 0.108098   0.4091  0.0810   0.3568  0.0156   0.3530   0.0256
 162   0.479472  0.005138  0.935749 0.074113   0.4068  0.0771   0.3568  0.0091   0.3556   0.0152
 163   0.493833  0.011043  0.917444 0.071019   0.4607  0.1592   0.3504  0.0086   0.3451   0.0142
 164   0.487910  0.009115  0.945563 0.070404   0.4032  0.0781   0.3540  0.0107   0.3514   0.0175
 165   0.479633  0.004068  0.951610 0.087268   0.4511  0.0795   0.3597  0.0120   0.3587   0.0179
 166   0.488303  0.011498  0.946430 0.093667   0.4258  0.1098   0.3544  0.0142   0.3516   0.0225
 167   0.483082  0.011732  0.953425 0.080970   0.4759  0.1004   0.3554  0.0103   0.3565   0.0156
 168   0.477936  0.003895  0.925530 0.084442   0.4318  0.1037   0.3559  0.0119   0.3533   0.0192
 169   0.478863  0.006098  0.951044 0.099106   0.3997  0.0857   0.3509  0.0160   0.3463   0.0256
 170   0.478432  0.009500  0.964534 0.119775   0.4207  0.1087   0.3549  0.0122   0.3543   0.0187
 171   0.477258  0.004021  0.969831 0.130110   0.4045  0.0811   0.3520  0.0130   0.3500   0.0193
 172   0.480682  0.004636  0.952900 0.096845   0.4016  0.0814   0.3525  0.0138   0.3503   0.0205
 173   0.473450  0.005693  0.972377 0.126112   0.3526  0.0264   0.3476  0.0124   0.3412   0.0120
 174   0.480651  0.007468  0.975054 0.108162   0.4277  0.1088   0.3566  0.0144   0.3548   0.0218
 175   0.475751  0.007643  0.945586 0.091293   0.5039  0.1313   0.3568  0.0103   0.3573   0.0160
 176   0.473501  0.004183  0.987368 0.161290   0.4125  0.0773   0.3574  0.0132   0.3570   0.0177
 177   0.489847  0.019198  0.984526 0.137043   0.4253  0.1043   0.3566  0.0090   0.3568   0.0141
 178   0.477147  0.005224  0.982210 0.082909   0.4105  0.0765   0.3587  0.0102   0.3567   0.0169
 179   0.472993  0.002800  0.959066 0.140147   0.4270  0.1139   0.3560  0.0170   0.3542   0.0251
 180   0.489178  0.017349  0.963183 0.120761   0.4062  0.0815   0.3559  0.0148   0.3548   0.0209
 181   0.471642  0.004338  0.930196 0.058326   0.4071  0.0790   0.3565  0.0106   0.3551   0.0173
 182   0.476407  0.005517  0.922945 0.030587   0.4223  0.1005   0.3526  0.0063   0.3505   0.0140
 183   0.472991  0.002506  0.949325 0.077870   0.4015  0.0651   0.3589  0.0125   0.3576   0.0194
 184   0.478776  0.008119  0.999092 0.126969   0.3882  0.0742   0.3522  0.0208   0.3483   0.0288
 185   0.507923  0.051679  0.974908 0.079704   0.3465  0.0075   0.3484  0.0054   0.3422   0.0069
 186   0.469694  0.003682  0.958939 0.047892   0.4613  0.1536   0.3506  0.0065   0.3462   0.0104
 187   0.475582  0.007739  0.945599 0.041412   0.4012  0.0883   0.3527  0.0183   0.3474   0.0285
 188   0.473002  0.004532  0.949783 0.062634   0.4242  0.1110   0.3551  0.0135   0.3544   0.0200
 189   0.476598  0.009769  0.960381 0.029504   0.4333  0.1032   0.3582  0.0124   0.3558   0.0197
 190   0.477514  0.009090  0.949212 0.038336   0.3985  0.0468   0.3581  0.0087   0.3546   0.0167
 191   0.469540  0.002131  0.989992 0.067934   0.3888  0.0649   0.3525  0.0095   0.3515   0.0159
 192   0.514183  0.048250  1.017611 0.051371   0.4039  0.0832   0.3543  0.0139   0.3521   0.0212
 193   0.524155  0.026442  0.942316 0.042477   0.4000  0.0628   0.3570  0.0120   0.3540   0.0195
 194   0.473717  0.004240  0.921626 0.047880   0.3938  0.0668   0.3544  0.0131   0.3533   0.0189
 195   0.469503  0.003070  0.968808 0.024726   0.4274  0.1064   0.3551  0.0154   0.3519   0.0225
 196   0.482388  0.011599  0.964792 0.023791   0.4379  0.0994   0.3561  0.0104   0.3559   0.0166
 197   0.488037  0.021815  0.934660 0.055350   0.4022  0.0678   0.3504  0.0045   0.3480   0.0050
 198   0.472203  0.003189  0.932249 0.028711   0.4056  0.0769   0.3543  0.0109   0.3515   0.0182
 199   0.470523  0.001029  0.984124 0.064219   0.4208  0.1091   0.3506  0.0140   0.3482   0.0213
 200   0.513774  0.051455  0.999724 0.076682   0.4100  0.1148   0.3470  0.0150   0.3427   0.0259

*** Detailed report ***

Confusion matrices
------------------
Fact: 0 
RulingByPresentCourt: 1 
Other: 2 
=> Iteration 0:
Epoch 200:
[[ 100    0  359]
 [   2    2   45]
 [ 259    1 1374]]
=> Iteration 1:
Epoch 200:
[[  98    0  361]
 [  19    0   30]
 [ 295    0 1339]]
=> Iteration 2:
Epoch 200:
[[  32    1  426]
 [   2    0   47]
 [ 125    5 1504]]

Scores
------
Epoch: 1
             Train loss  Test loss  P (macro)  R (macro)  F1 (macro)
Iteration 0    1.029211   0.914580   0.585512   0.382022    0.253627
Iteration 1    1.057206   0.942313   0.312981   0.329906    0.304682
Iteration 2    1.200749   1.124380   0.323231   0.311300    0.212095

Epoch: 2
             Train loss  Test loss  P (macro)  R (macro)  F1 (macro)
Iteration 0    0.962682   0.845051   0.504755   0.335512    0.293114
Iteration 1    0.969990   0.853725   0.254206   0.332925    0.288288
Iteration 2    1.065155   0.956972   0.333068   0.344255    0.315323

Epoch: 3
             Train loss  Test loss  P (macro)  R (macro)  F1 (macro)
Iteration 0    0.929740   0.816706   0.587732   0.334060    0.290014
Iteration 1    0.923935   0.818617   0.254279   0.333333    0.288489
Iteration 2    0.986618   0.874318   0.333202   0.344663    0.315786

Epoch: 4
             Train loss  Test loss  P (macro)  R (macro)  F1 (macro)
Iteration 0    0.912925   0.804149   0.587732   0.334060    0.290014
Iteration 1    0.904295   0.805790   0.254279   0.333333    0.288489
Iteration 2    0.947553   0.841149   0.332235   0.343211    0.314859

Epoch: 5
             Train loss  Test loss  P (macro)  R (macro)  F1 (macro)
Iteration 0    0.900649   0.796609   0.587969   0.335512    0.293047
Iteration 1    0.890883   0.795096   0.254279   0.333333    0.288489
Iteration 2    0.929067   0.823969   0.331751   0.342485    0.314395

Epoch: 6
             Train loss  Test loss  P (macro)  R (macro)  F1 (macro)
Iteration 0    0.890205   0.794168   0.588925   0.341322    0.304934
Iteration 1    0.878184   0.787005   0.254279   0.333333    0.288489
Iteration 2    0.914136   0.812886   0.330782   0.341032    0.313464

Epoch: 7
             Train loss  Test loss  P (macro)  R (macro)  F1 (macro)
Iteration 0    0.879097   0.790884   0.502472   0.344455    0.312704
Iteration 1    0.867772   0.783318   0.476703   0.334582    0.291427
Iteration 2    0.900857   0.808196   0.349571   0.333766    0.291001

Epoch: 8
             Train loss  Test loss  P (macro)  R (macro)  F1 (macro)
Iteration 0    0.867287   0.781485   0.554487   0.345271    0.313303
Iteration 1    0.855954   0.777268   0.421110   0.334378    0.291321
Iteration 2    0.888534   0.801659   0.551492   0.338939    0.300397

Epoch: 9
             Train loss  Test loss  P (macro)  R (macro)  F1 (macro)
Iteration 0    0.855652   0.770300   0.589286   0.343500    0.309294
Iteration 1    0.845014   0.767248   0.476703   0.334582    0.291427
Iteration 2    0.874940   0.789818   0.588806   0.340595    0.303469

Epoch: 10
             Train loss  Test loss  P (macro)  R (macro)  F1 (macro)
Iteration 0    0.843621   0.761435   0.589647   0.345679    0.313603
Iteration 1    0.833145   0.757277   0.476703   0.334582    0.291427
Iteration 2    0.864023   0.778609   0.589045   0.342048    0.306394

Epoch: 11
             Train loss  Test loss  P (macro)  R (macro)  F1 (macro)
Iteration 0    0.832487   0.755465   0.554793   0.350877    0.324333
Iteration 1    0.820166   0.749375   0.504599   0.335308    0.292938
Iteration 2    0.852154   0.770606   0.589406   0.344227    0.310736

Epoch: 12
             Train loss  Test loss  P (macro)  R (macro)  F1 (macro)
Iteration 0    0.820484   0.750751   0.499041   0.352150    0.328359
Iteration 1    0.809169   0.744212   0.522269   0.341436    0.305985
Iteration 2    0.840427   0.766050   0.589647   0.345679    0.313603

Epoch: 13
             Train loss  Test loss  P (macro)  R (macro)  F1 (macro)
Iteration 0    0.808062   0.743498   0.475371   0.353308    0.331414
Iteration 1    0.798664   0.740120   0.502214   0.349857    0.323491
Iteration 2    0.827443   0.760924   0.556147   0.351603    0.325707

Epoch: 14
             Train loss  Test loss  P (macro)  R (macro)  F1 (macro)
Iteration 0    0.796011   0.732698   0.475371   0.353308    0.331414
Iteration 1    0.786847   0.732894   0.471429   0.350085    0.325162
Iteration 2    0.816888   0.750514   0.538596   0.351921    0.326724

Epoch: 15
             Train loss  Test loss  P (macro)  R (macro)  F1 (macro)
Iteration 0    0.781002   0.722251   0.467699   0.354149    0.333456
Iteration 1    0.772755   0.722594   0.461616   0.349677    0.324817
Iteration 2    0.804082   0.739679   0.525883   0.350265    0.323822

Epoch: 16
             Train loss  Test loss  P (macro)  R (macro)  F1 (macro)
Iteration 0    0.767008   0.716337   0.416697   0.354132    0.337416
Iteration 1    0.758837   0.713796   0.447683   0.349791    0.325628
Iteration 2    0.790486   0.733976   0.479574   0.352060    0.328970

Epoch: 17
             Train loss  Test loss  P (macro)  R (macro)  F1 (macro)
Iteration 0    0.751945   0.710578   0.402770   0.357429    0.345614
Iteration 1    0.745396   0.708789   0.408819   0.350591    0.330817
Iteration 2    0.777523   0.730974   0.442744   0.356376    0.339595

Epoch: 18
             Train loss  Test loss  P (macro)  R (macro)  F1 (macro)
Iteration 0    0.737118   0.698272   0.403668   0.358473    0.347438
Iteration 1    0.730947   0.704299   0.377385   0.347670    0.329853
Iteration 2    0.762778   0.720003   0.424169   0.353178    0.334920

Epoch: 19
             Train loss  Test loss  P (macro)  R (macro)  F1 (macro)
Iteration 0    0.719482   0.686433   0.392684   0.358114    0.348448
Iteration 1    0.715215   0.694053   0.369593   0.347515    0.331708
Iteration 2    0.747279   0.707635   0.410527   0.350387    0.330641

Epoch: 20
             Train loss  Test loss  P (macro)  R (macro)  F1 (macro)
Iteration 0    0.701182   0.681370   0.374034   0.359852    0.354350
Iteration 1    0.698957   0.683766   0.352781   0.343549    0.328557
Iteration 2    0.731513   0.704709   0.386177   0.353210    0.340207

Epoch: 21
             Train loss  Test loss  P (macro)  R (macro)  F1 (macro)
Iteration 0    0.680596   0.667497   0.372990   0.360398    0.355442
Iteration 1    0.680822   0.681389   0.346773   0.343899    0.333405
Iteration 2    0.714871   0.695599   0.375795   0.353920    0.343817

Epoch: 22
             Train loss  Test loss  P (macro)  R (macro)  F1 (macro)
Iteration 0    0.661336   0.659244   0.368518   0.362291    0.359013
Iteration 1    0.663439   0.669265   0.342892   0.341925    0.330571
Iteration 2    0.697159   0.680655   0.372057   0.352582    0.342151

Epoch: 23
             Train loss  Test loss  P (macro)  R (macro)  F1 (macro)
Iteration 0    0.640592   0.648802   0.365516   0.361614    0.358481
Iteration 1    0.644781   0.678053   0.354568   0.352353    0.347162
Iteration 2    0.680042   0.681408   0.373090   0.361263    0.357053

Epoch: 24
             Train loss  Test loss  P (macro)  R (macro)  F1 (macro)
Iteration 0    0.623169   0.668688   0.361836   0.366126    0.363260
Iteration 1    0.627438   0.651212   0.337388   0.339248    0.327431
Iteration 2    0.659782   0.660511   0.364777   0.353952    0.346835

Epoch: 25
             Train loss  Test loss  P (macro)  R (macro)  F1 (macro)
Iteration 0    0.616303   0.619841   0.349795   0.344715    0.334200
Iteration 1    0.617308   0.699213   0.354470   0.359092    0.355983
Iteration 2    0.640476   0.689141   0.380700   0.380961    0.379428

Epoch: 26
             Train loss  Test loss  P (macro)  R (macro)  F1 (macro)
Iteration 0    0.626353   0.609425   0.352903   0.342162    0.324964
Iteration 1    0.615966   0.711014   0.357353   0.363955    0.360468
Iteration 2    0.624178   0.618768   0.342080   0.336866    0.311048

Epoch: 27
             Train loss  Test loss  P (macro)  R (macro)  F1 (macro)
Iteration 0    0.605093   0.736025   0.696261   0.384172    0.381720
Iteration 1    0.607682   0.649500   0.320034   0.330534    0.315125
Iteration 2    0.625775   0.621323   0.346266   0.342145    0.328148

Epoch: 28
             Train loss  Test loss  P (macro)  R (macro)  F1 (macro)
Iteration 0    0.603001   0.645043   0.349681   0.351659    0.347522
Iteration 1    0.598345   0.764125   0.347603   0.360291    0.351587
Iteration 2    0.624666   0.814707   0.345079   0.359801    0.342639

Epoch: 29
             Train loss  Test loss  P (macro)  R (macro)  F1 (macro)
Iteration 0    0.610062   0.613092   0.351321   0.342276    0.325566
Iteration 1    0.602744   0.712944   0.347858   0.355314    0.351502
Iteration 2    0.608262   0.599188   0.354611   0.339020    0.313369

Epoch: 30
             Train loss  Test loss  P (macro)  R (macro)  F1 (macro)
Iteration 0    0.593095   0.736627   0.361573   0.376578    0.366955
Iteration 1    0.596841   0.630367   0.328055   0.334018    0.314480
Iteration 2    0.622292   0.611704   0.492896   0.336556    0.295824

Epoch: 31
             Train loss  Test loss  P (macro)  R (macro)  F1 (macro)
Iteration 0    0.616095   0.823489   0.343144   0.357565    0.337583
Iteration 1    0.591408   0.699467   0.337695   0.343638    0.339532
Iteration 2    0.601750   0.741154   0.358940   0.371168    0.364135

Epoch: 32
             Train loss  Test loss  P (macro)  R (macro)  F1 (macro)
Iteration 0    0.588549   0.621483   0.333530   0.337690    0.327917
Iteration 1    0.594719   0.751358   0.345634   0.356562    0.349850
Iteration 2    0.618894   0.807510   0.344849   0.359368    0.342713

Epoch: 33
             Train loss  Test loss  P (macro)  R (macro)  F1 (macro)
Iteration 0    0.607792   0.604083   0.366410   0.340334    0.313651
Iteration 1    0.579650   0.633309   0.365711   0.343312    0.322686
Iteration 2    0.594518   0.607066   0.339897   0.336140    0.309762

Epoch: 34
             Train loss  Test loss  P (macro)  R (macro)  F1 (macro)
Iteration 0    0.591964   0.646505   0.354256   0.357134    0.353944
Iteration 1    0.601330   0.631729   0.398505   0.346438    0.323453
Iteration 2    0.617008   0.618674   0.454562   0.335104    0.292828

Epoch: 35
             Train loss  Test loss  P (macro)  R (macro)  F1 (macro)
Iteration 0    0.584252   0.723263   0.692018   0.378885    0.377213
Iteration 1    0.577807   0.799660   0.517176   0.371891    0.366516
Iteration 2    0.602316   0.632335   0.366415   0.358179    0.353403

Epoch: 36
             Train loss  Test loss  P (macro)  R (macro)  F1 (macro)
Iteration 0    0.576122   0.616558   0.342132   0.342406    0.332889
Iteration 1    0.603903   0.851701   0.531724   0.394149    0.402914
Iteration 2    0.597469   0.731161   0.374494   0.389275    0.380786

Epoch: 37
             Train loss  Test loss  P (macro)  R (macro)  F1 (macro)
Iteration 0    0.585643   0.608630   0.341687   0.339216    0.322892
Iteration 1    0.579637   0.634505   0.338477   0.339975    0.328438
Iteration 2    0.587325   0.607837   0.354124   0.345368    0.333083

Epoch: 38
             Train loss  Test loss  P (macro)  R (macro)  F1 (macro)
Iteration 0    0.576588   0.701544   0.364911   0.377680    0.370449
Iteration 1    0.595306   0.636778   0.332797   0.335487    0.312719
Iteration 2    0.589610   0.593546   0.401126   0.339828    0.306758

Epoch: 39
             Train loss  Test loss  P (macro)  R (macro)  F1 (macro)
Iteration 0    0.586989   0.782721   0.356175   0.373697    0.358115
Iteration 1    0.580239   0.738818   0.338054   0.345832    0.341894
Iteration 2    0.582741   0.688961   0.371813   0.376293    0.373567

Epoch: 40
             Train loss  Test loss  P (macro)  R (macro)  F1 (macro)
Iteration 0    0.568670   0.625246   0.356221   0.352418    0.346789
Iteration 1    0.585228   0.793401   0.343750   0.355526    0.347488
Iteration 2    0.591531   0.754972   0.369016   0.385790    0.374925

Epoch: 41
             Train loss  Test loss  P (macro)  R (macro)  F1 (macro)
Iteration 0    0.586933   0.614930   0.363819   0.347474    0.333884
Iteration 1    0.571199   0.636599   0.338473   0.338628    0.323313
Iteration 2    0.578061   0.613488   0.338866   0.338286    0.321622

Epoch: 42
             Train loss  Test loss  P (macro)  R (macro)  F1 (macro)
Iteration 0    0.569461   0.707106   0.356084   0.366126    0.360793
Iteration 1    0.583572   0.649721   0.338245   0.337739    0.319665
Iteration 2    0.593266   0.605332   0.445859   0.340212    0.305171

Epoch: 43
             Train loss  Test loss  P (macro)  R (macro)  F1 (macro)
Iteration 0    0.579107   0.804716   0.467742   0.387988    0.381689
Iteration 1    0.568694   0.750597   0.527591   0.385565    0.391007
Iteration 2    0.582109   0.657218   0.363516   0.361459    0.358542

Epoch: 44
             Train loss  Test loss  P (macro)  R (macro)  F1 (macro)
Iteration 0    0.564205   0.637023   0.348518   0.347881    0.341475
Iteration 1    0.584185   0.812052   0.548827   0.402323    0.418124
Iteration 2    0.588407   0.784681   0.359191   0.375729    0.362642

Epoch: 45
             Train loss  Test loss  P (macro)  R (macro)  F1 (macro)
Iteration 0    0.579019   0.614781   0.364575   0.348722    0.335841
Iteration 1    0.565030   0.664566   0.329481   0.335144    0.323042
Iteration 2    0.576177   0.630623   0.357882   0.353667    0.348394

Epoch: 46
             Train loss  Test loss  P (macro)  R (macro)  F1 (macro)
Iteration 0    0.565955   0.703624   0.354440   0.363580    0.358909
Iteration 1    0.577513   0.663053   0.336588   0.336556    0.315941
Iteration 2    0.576176   0.598253   0.408631   0.348298    0.326343

Epoch: 47
             Train loss  Test loss  P (macro)  R (macro)  F1 (macro)
Iteration 0    0.568698   0.814370   0.439501   0.380524    0.370241
Iteration 1    0.565405   0.746980   0.329014   0.336596    0.332714
Iteration 2    0.569596   0.724007   0.374034   0.382111    0.378018

Epoch: 48
             Train loss  Test loss  P (macro)  R (macro)  F1 (macro)
Iteration 0    0.556582   0.651187   0.346394   0.347636    0.342051
Iteration 1    0.574982   0.842317   0.478315   0.371277    0.371522
Iteration 2    0.581130   0.768445   0.368403   0.383220    0.374372

Epoch: 49
             Train loss  Test loss  P (macro)  R (macro)  F1 (macro)
Iteration 0    0.571949   0.629754   0.378600   0.357053    0.348760
Iteration 1    0.557437   0.695356   0.331860   0.337216    0.328307
Iteration 2    0.564978   0.616627   0.354092   0.341068    0.320795

Epoch: 50
             Train loss  Test loss  P (macro)  R (macro)  F1 (macro)
Iteration 0    0.559648   0.722376   0.353601   0.362788    0.357999
Iteration 1    0.570874   0.664478   0.337436   0.336850    0.315609
Iteration 2    0.583282   0.622947   0.501384   0.342480    0.308586

Epoch: 51
             Train loss  Test loss  P (macro)  R (macro)  F1 (macro)
Iteration 0    0.564142   0.818385   0.480177   0.391747    0.391191
Iteration 1    0.560184   0.740540   0.333521   0.340512    0.336515
Iteration 2    0.573177   0.674272   0.366206   0.364617    0.362402

Epoch: 52
             Train loss  Test loss  P (macro)  R (macro)  F1 (macro)
Iteration 0    0.551542   0.656736   0.346109   0.347318    0.341579
Iteration 1    0.564724   0.830516   0.514355   0.373627    0.376190
Iteration 2    0.578620   0.780850   0.364440   0.380666    0.369756

Epoch: 53
             Train loss  Test loss  P (macro)  R (macro)  F1 (macro)
Iteration 0    0.565552   0.635704   0.377168   0.356645    0.348338
Iteration 1    0.552416   0.706223   0.325945   0.333496    0.323820
Iteration 2    0.563987   0.635004   0.364200   0.352908    0.345344

Epoch: 54
             Train loss  Test loss  P (macro)  R (macro)  F1 (macro)
Iteration 0    0.552389   0.746598   0.463614   0.375855    0.381075
Iteration 1    0.566866   0.682659   0.333715   0.335993    0.317678
Iteration 2    0.575375   0.609816   0.402314   0.344961    0.319474

Epoch: 55
             Train loss  Test loss  P (macro)  R (macro)  F1 (macro)
Iteration 0    0.562283   0.854032   0.480604   0.393069    0.390401
Iteration 1    0.555241   0.766882   0.668364   0.349551    0.352178
Iteration 2    0.562088   0.726824   0.365713   0.372466    0.368988

Epoch: 56
             Train loss  Test loss  P (macro)  R (macro)  F1 (macro)
Iteration 0    0.548377   0.677096   0.350772   0.351977    0.348224
Iteration 1    0.561988   0.865920   0.530850   0.391709    0.404174
Iteration 2    0.575473   0.830480   0.354760   0.370262    0.357872

Epoch: 57
             Train loss  Test loss  P (macro)  R (macro)  F1 (macro)
Iteration 0    0.562585   0.645046   0.376471   0.357600    0.350084
Iteration 1    0.549566   0.722100   0.332244   0.337788    0.330049
Iteration 2    0.559541   0.619642   0.366514   0.349359    0.337249

Epoch: 58
             Train loss  Test loss  P (macro)  R (macro)  F1 (macro)
Iteration 0    0.548163   0.753613   0.458861   0.370135    0.376045
Iteration 1    0.559860   0.696302   0.326544   0.333455    0.316104
Iteration 2    0.573689   0.627715   0.413026   0.341803    0.310774

Epoch: 59
             Train loss  Test loss  P (macro)  R (macro)  F1 (macro)
Iteration 0    0.552817   0.852732   0.496110   0.389593    0.389563
Iteration 1    0.550475   0.778958   0.664819   0.345944    0.348599
Iteration 2    0.561519   0.707777   0.358285   0.362723    0.359774

Epoch: 60
             Train loss  Test loss  P (macro)  R (macro)  F1 (macro)
Iteration 0    0.543721   0.680918   0.520739   0.368169    0.376360
Iteration 1    0.557381   0.874845   0.510347   0.369416    0.370248
Iteration 2    0.564692   0.775706   0.369667   0.385880    0.375646

Epoch: 61
             Train loss  Test loss  P (macro)  R (macro)  F1 (macro)
Iteration 0    0.555533   0.653998   0.376130   0.358146    0.351499
Iteration 1    0.544774   0.733677   0.328584   0.335405    0.327138
Iteration 2    0.554495   0.621472   0.385114   0.351847    0.337611

Epoch: 62
             Train loss  Test loss  P (macro)  R (macro)  F1 (macro)
Iteration 0    0.542685   0.770166   0.456928   0.368527    0.374037
Iteration 1    0.557800   0.703808   0.330841   0.335201    0.318044
Iteration 2    0.569368   0.634146   0.433460   0.342097    0.310121

Epoch: 63
             Train loss  Test loss  P (macro)  R (macro)  F1 (macro)
Iteration 0    0.549949   0.857867   0.494713   0.387618    0.388144
Iteration 1    0.546148   0.780267   0.664892   0.345895    0.348607
Iteration 2    0.558687   0.706701   0.354495   0.357020    0.353829

Epoch: 64
             Train loss  Test loss  P (macro)  R (macro)  F1 (macro)
Iteration 0    0.536353   0.681371   0.580658   0.370821    0.379580
Iteration 1    0.552976   0.861935   0.509316   0.360974    0.358058
Iteration 2    0.561682   0.771047   0.424895   0.378640    0.375333

Epoch: 65
             Train loss  Test loss  P (macro)  R (macro)  F1 (macro)
Iteration 0    0.553223   0.657325   0.379582   0.358530    0.351438
Iteration 1    0.541506   0.720759   0.335102   0.339167    0.330381
Iteration 2    0.550424   0.628684   0.392708   0.353594    0.339739

Epoch: 66
             Train loss  Test loss  P (macro)  R (macro)  F1 (macro)
Iteration 0    0.538067   0.767131   0.455894   0.366023    0.372759
Iteration 1    0.557193   0.710198   0.345831   0.339665    0.320745
Iteration 2    0.560674   0.636065   0.366410   0.340334    0.313651

Epoch: 67
             Train loss  Test loss  P (macro)  R (macro)  F1 (macro)
Iteration 0    0.542511   0.861719   0.475511   0.384730    0.387191
Iteration 1    0.543005   0.772509   0.670853   0.351150    0.353888
Iteration 2    0.555515   0.751601   0.353639   0.359574    0.356245

Epoch: 68
             Train loss  Test loss  P (macro)  R (macro)  F1 (macro)
Iteration 0    0.532514   0.689126   0.578940   0.370666    0.379626
Iteration 1    0.546905   0.872053   0.535838   0.383854    0.395341
Iteration 2    0.554652   0.727838   0.416680   0.363912    0.365866

Epoch: 69
             Train loss  Test loss  P (macro)  R (macro)  F1 (macro)
Iteration 0    0.548467   0.654541   0.388440   0.360023    0.352139
Iteration 1    0.536555   0.738946   0.672564   0.349788    0.350008
Iteration 2    0.549083   0.632827   0.571643   0.365276    0.360694

Epoch: 70
             Train loss  Test loss  P (macro)  R (macro)  F1 (macro)
Iteration 0    0.539834   0.725081   0.455476   0.363240    0.370798
Iteration 1    0.550543   0.719901   0.339229   0.338743    0.323840
Iteration 2    0.546881   0.672786   0.359728   0.355143    0.350565

Epoch: 71
             Train loss  Test loss  P (macro)  R (macro)  F1 (macro)
Iteration 0    0.540861   0.869424   0.479461   0.389560    0.391888
Iteration 1    0.540820   0.779269   0.340328   0.347024    0.343232
Iteration 2    0.551444   0.809614   0.349748   0.360846    0.354486

Epoch: 72
             Train loss  Test loss  P (macro)  R (macro)  F1 (macro)
Iteration 0    0.531866   0.738323   0.564767   0.362106    0.370754
Iteration 1    0.542281   0.842174   0.507561   0.357351    0.357624
Iteration 2    0.545294   0.660127   0.373783   0.356808    0.349844

Epoch: 73
             Train loss  Test loss  P (macro)  R (macro)  F1 (macro)
Iteration 0    0.537872   0.698241   0.349326   0.349179    0.343866
Iteration 1    0.532184   0.740559   0.334742   0.339167    0.330378
Iteration 2    0.549058   0.649625   0.730564   0.360690    0.352995

Epoch: 74
             Train loss  Test loss  P (macro)  R (macro)  F1 (macro)
Iteration 0    0.526617   0.857160   0.514049   0.373219    0.375714
Iteration 1    0.549962   0.718348   0.387020   0.348053    0.329116
Iteration 2    0.538478   0.785386   0.436474   0.369640    0.370191

Epoch: 75
             Train loss  Test loss  P (macro)  R (macro)  F1 (macro)
Iteration 0    0.543034   0.943789   0.477806   0.389462    0.387171
Iteration 1    0.540459   0.810545   0.662111   0.343104    0.345825
Iteration 2    0.550751   0.858419   0.674191   0.357327    0.358041

Epoch: 76
             Train loss  Test loss  P (macro)  R (macro)  F1 (macro)
Iteration 0    0.527487   0.722858   0.574084   0.367606    0.376374
Iteration 1    0.550655   0.899198   0.513640   0.366922    0.362284
Iteration 2    0.542728   0.678084   0.384761   0.355005    0.343885

Epoch: 77
             Train loss  Test loss  P (macro)  R (macro)  F1 (macro)
Iteration 0    0.543441   0.672587   0.374369   0.356147    0.348093
Iteration 1    0.532228   0.741460   0.340778   0.344323    0.338060
Iteration 2    0.541976   0.644055   0.551078   0.368352    0.368956

Epoch: 78
             Train loss  Test loss  P (macro)  R (macro)  F1 (macro)
Iteration 0    0.533486   0.777797   0.566320   0.365590    0.373623
Iteration 1    0.540311   0.732182   0.333275   0.336841    0.323420
Iteration 2    0.543602   0.704259   0.538685   0.375230    0.379809

Epoch: 79
             Train loss  Test loss  P (macro)  R (macro)  F1 (macro)
Iteration 0    0.528781   0.861088   0.473982   0.381270    0.386949
Iteration 1    0.529473   0.802235   0.340783   0.348599    0.344639
Iteration 2    0.537027   0.687416   0.701804   0.361024    0.359830

Epoch: 80
             Train loss  Test loss  P (macro)  R (macro)  F1 (macro)
Iteration 0    0.522645   0.717657   0.581687   0.372298    0.381378
Iteration 1    0.535076   0.870119   0.516143   0.368750    0.366160
Iteration 2    0.539323   0.734873   0.521719   0.361228    0.363828

Epoch: 81
             Train loss  Test loss  P (macro)  R (macro)  F1 (macro)
Iteration 0    0.532353   0.691938   0.365136   0.356816    0.351504
Iteration 1    0.525720   0.727795   0.347544   0.348950    0.343106
Iteration 2    0.540649   0.709530   0.481055   0.375393    0.379697

Epoch: 82
             Train loss  Test loss  P (macro)  R (macro)  F1 (macro)
Iteration 0    0.525358   0.847992   0.508045   0.364815    0.370080
Iteration 1    0.541255   0.753168   0.342319   0.340856    0.328163
Iteration 2    0.534083   0.679655   0.744228   0.363775    0.356901

Epoch: 83
             Train loss  Test loss  P (macro)  R (macro)  F1 (macro)
Iteration 0    0.529046   0.906547   0.465137   0.371413    0.375490
Iteration 1    0.527870   0.820407   0.341995   0.350075    0.345987
Iteration 2    0.535912   0.705231   0.362651   0.354319    0.348270

Epoch: 84
             Train loss  Test loss  P (macro)  R (macro)  F1 (macro)
Iteration 0    0.523888   0.736185   0.450686   0.369442    0.376828
Iteration 1    0.534640   0.848101   0.685987   0.371647    0.370461
Iteration 2    0.536751   0.800935   0.517015   0.367624    0.368030

Epoch: 85
             Train loss  Test loss  P (macro)  R (macro)  F1 (macro)
Iteration 0    0.521981   0.729206   0.344536   0.348419    0.344361
Iteration 1    0.522231   0.741634   0.339581   0.342047    0.333595
Iteration 2    0.530928   0.708479   0.723002   0.365986    0.364169

Epoch: 86
             Train loss  Test loss  P (macro)  R (macro)  F1 (macro)
Iteration 0    0.523310   0.854759   0.566828   0.368739    0.374087
Iteration 1    0.530933   0.754632   0.335952   0.338408    0.325956
Iteration 2    0.541240   0.720758   0.735770   0.362551    0.355682

Epoch: 87
             Train loss  Test loss  P (macro)  R (macro)  F1 (macro)
Iteration 0    0.517000   0.774483   0.478409   0.364285    0.372204
Iteration 1    0.526279   0.861168   0.337804   0.346477    0.341818
Iteration 2    0.527406   0.788999   0.519649   0.370072    0.370755

Epoch: 88
             Train loss  Test loss  P (macro)  R (macro)  F1 (macro)
Iteration 0    0.522146   0.730197   0.480094   0.376354    0.384628
Iteration 1    0.522948   0.809759   0.350418   0.358309    0.354310
Iteration 2    0.541147   0.851500   0.670907   0.354707    0.353684

Epoch: 89
             Train loss  Test loss  P (macro)  R (macro)  F1 (macro)
Iteration 0    0.515478   0.861307   0.475174   0.364766    0.370203
Iteration 1    0.524650   0.749184   0.335626   0.339983    0.331136
Iteration 2    0.532629   0.708721   0.692017   0.354235    0.349168

Epoch: 90
             Train loss  Test loss  P (macro)  R (macro)  F1 (macro)
Iteration 0    0.521414   0.893053   0.562046   0.363892    0.368199
Iteration 1    0.519113   0.829445   0.332278   0.339582    0.335519
Iteration 2    0.526083   0.698820   0.523829   0.364000    0.368977

Epoch: 91
             Train loss  Test loss  P (macro)  R (macro)  F1 (macro)
Iteration 0    0.514147   0.736140   0.565829   0.361005    0.369206
Iteration 1    0.521926   0.872831   0.336486   0.345163    0.340364
Iteration 2    0.532112   0.734352   0.467783   0.366801    0.370106

Epoch: 92
             Train loss  Test loss  P (macro)  R (macro)  F1 (macro)
Iteration 0    0.515072   0.756673   0.467668   0.377836    0.389487
Iteration 1    0.514248   0.766849   0.334605   0.338710    0.328858
Iteration 2    0.523251   0.724396   0.697477   0.358960    0.357216

Epoch: 93
             Train loss  Test loss  P (macro)  R (macro)  F1 (macro)
Iteration 0    0.518514   0.816057   0.471897   0.374457    0.385510
Iteration 1    0.519597   0.757774   0.337163   0.340301    0.331704
Iteration 2    0.525729   0.722879   0.553134   0.369918    0.371278

Epoch: 94
             Train loss  Test loss  P (macro)  R (macro)  F1 (macro)
Iteration 0    0.508230   0.750714   0.560386   0.356444    0.364111
Iteration 1    0.515665   0.854993   0.341876   0.349733    0.345754
Iteration 2    0.526878   0.728666   0.472180   0.357214    0.354876

Epoch: 95
             Train loss  Test loss  P (macro)  R (macro)  F1 (macro)
Iteration 0    0.512712   0.822211   0.508845   0.357041    0.359211
Iteration 1    0.511218   0.821839   0.340747   0.344119    0.337877
Iteration 2    0.520547   0.756827   0.534714   0.358911    0.355873

Epoch: 96
             Train loss  Test loss  P (macro)  R (macro)  F1 (macro)
Iteration 0    0.522428   0.901617   0.568657   0.371489    0.375725
Iteration 1    0.516141   0.815641   0.332821   0.338285    0.330287
Iteration 2    0.522225   0.777162   0.529767   0.369469    0.373280

Epoch: 97
             Train loss  Test loss  P (macro)  R (macro)  F1 (macro)
Iteration 0    0.505768   0.732831   0.583370   0.370315    0.378377
Iteration 1    0.512935   0.851991   0.336311   0.344429    0.340284
Iteration 2    0.515655   0.737556   0.547703   0.361106    0.356781

Epoch: 98
             Train loss  Test loss  P (macro)  R (macro)  F1 (macro)
Iteration 0    0.523289   0.711718   0.548379   0.377407    0.385204
Iteration 1    0.507802   0.790242   0.338269   0.342463    0.335905
Iteration 2    0.528971   0.757304   0.551733   0.360127    0.353950

Epoch: 99
             Train loss  Test loss  P (macro)  R (macro)  F1 (macro)
Iteration 0    0.507418   0.898435   0.508068   0.364929    0.370054
Iteration 1    0.516567   0.820942   0.328096   0.334556    0.323216
Iteration 2    0.517013   0.797166   0.343932   0.351618    0.347716

Epoch: 100
             Train loss  Test loss  P (macro)  R (macro)  F1 (macro)
Iteration 0    0.525323   1.021169   0.550629   0.386166    0.388169
Iteration 1    0.506761   0.922383   0.336305   0.344959    0.340147
Iteration 2    0.538144   0.766237   0.352567   0.356889    0.353688

Epoch: 101
             Train loss  Test loss  P (macro)  R (macro)  F1 (macro)
Iteration 0    0.508880   0.768848   0.511081   0.362531    0.370740
Iteration 1    0.516379   0.949852   0.340238   0.350026    0.343938
Iteration 2    0.517142   0.735276   0.712466   0.359425    0.353818

Epoch: 102
             Train loss  Test loss  P (macro)  R (macro)  F1 (macro)
Iteration 0    0.521316   0.719316   0.543403   0.373979    0.380684
Iteration 1    0.508029   0.831150   0.338319   0.342031    0.335130
Iteration 2    0.528160   0.723848   0.535299   0.365510    0.367948

Epoch: 103
             Train loss  Test loss  P (macro)  R (macro)  F1 (macro)
Iteration 0    0.505902   0.853719   0.513833   0.370274    0.376556
Iteration 1    0.511786   0.815953   0.351169   0.351219    0.345711
Iteration 2    0.517482   0.751248   0.520547   0.357589    0.358402

Epoch: 104
             Train loss  Test loss  P (macro)  R (macro)  F1 (macro)
Iteration 0    0.516234   0.947202   0.553853   0.388557    0.394142
Iteration 1    0.513221   0.917318   0.335755   0.343931    0.339723
Iteration 2    0.513832   0.735567   0.374871   0.356147    0.348118

Epoch: 105
             Train loss  Test loss  P (macro)  R (macro)  F1 (macro)
Iteration 0    0.504280   0.753216   0.519645   0.367035    0.375165
Iteration 1    0.504562   0.825769   0.329091   0.335128    0.325283
Iteration 2    0.515634   0.747643   0.359677   0.355233    0.350456

Epoch: 106
             Train loss  Test loss  P (macro)  R (macro)  F1 (macro)
Iteration 0    0.518186   0.711861   0.548437   0.374885    0.381588
Iteration 1    0.515413   0.813277   0.331478   0.336303    0.325105
Iteration 2    0.515698   0.762692   0.533961   0.365847    0.368194

Epoch: 107
             Train loss  Test loss  P (macro)  R (macro)  F1 (macro)
Iteration 0    0.506795   0.841559   0.505254   0.360172    0.367540
Iteration 1    0.504231   0.894858   0.341595   0.350010    0.345704
Iteration 2    0.515243   0.764147   0.483232   0.358658    0.354185

Epoch: 108
             Train loss  Test loss  P (macro)  R (macro)  F1 (macro)
Iteration 0    0.512297   0.927357   0.487652   0.381248    0.383050
Iteration 1    0.511222   0.903574   0.343347   0.352695    0.347585
Iteration 2    0.508369   0.757744   0.524107   0.357923    0.357644

Epoch: 109
             Train loss  Test loss  P (macro)  R (macro)  F1 (macro)
Iteration 0    0.502517   0.759873   0.520262   0.367990    0.376349
Iteration 1    0.504775   0.793807   0.349941   0.348240    0.340992
Iteration 2    0.508614   0.767922   0.376571   0.354964    0.345482

Epoch: 110
             Train loss  Test loss  P (macro)  R (macro)  F1 (macro)
Iteration 0    0.509172   0.734110   0.531851   0.370789    0.378254
Iteration 1    0.502797   0.813908   0.334312   0.339583    0.332775
Iteration 2    0.513565   0.769881   0.541461   0.362542    0.360975

Epoch: 111
             Train loss  Test loss  P (macro)  R (macro)  F1 (macro)
Iteration 0    0.500633   0.897878   0.511019   0.368217    0.373285
Iteration 1    0.505280   0.890287   0.335722   0.343009    0.339071
Iteration 2    0.510179   0.770976   0.526452   0.360877    0.362116

Epoch: 112
             Train loss  Test loss  P (macro)  R (macro)  F1 (macro)
Iteration 0    0.508414   0.889291   0.506512   0.361992    0.368803
Iteration 1    0.499605   0.792643   0.346374   0.345858    0.337991
Iteration 2    0.508597   0.781503   0.534649   0.358593    0.355250

Epoch: 113
             Train loss  Test loss  P (macro)  R (macro)  F1 (macro)
Iteration 0    0.500886   0.780490   0.518287   0.366652    0.374861
Iteration 1    0.501554   0.832329   0.340227   0.343597    0.337201
Iteration 2    0.505636   0.770918   0.518948   0.357091    0.358031

Epoch: 114
             Train loss  Test loss  P (macro)  R (macro)  F1 (macro)
Iteration 0    0.502061   0.757508   0.518949   0.367720    0.376192
Iteration 1    0.502949   0.921161   0.335888   0.343238    0.339339
Iteration 2    0.521163   0.757293   0.536610   0.365365    0.366827

Epoch: 115
             Train loss  Test loss  P (macro)  R (macro)  F1 (macro)
Iteration 0    0.500945   0.844003   0.505255   0.359691    0.367439
Iteration 1    0.496879   0.882898   0.339963   0.343826    0.337748
Iteration 2    0.504737   0.790464   0.361100   0.349954    0.340171

Epoch: 116
             Train loss  Test loss  P (macro)  R (macro)  F1 (macro)
Iteration 0    0.496483   0.784707   0.515211   0.363836    0.371587
Iteration 1    0.509699   0.882787   0.332691   0.337600    0.328121
Iteration 2    0.507267   0.825840   0.676084   0.353133    0.355373

Epoch: 117
             Train loss  Test loss  P (macro)  R (macro)  F1 (macro)
Iteration 0    0.505701   0.785831   0.514363   0.364000    0.372105
Iteration 1    0.496142   0.948603   0.335643   0.343564    0.339554
Iteration 2    0.511553   0.772931   0.532636   0.362779    0.363616

Epoch: 118
             Train loss  Test loss  P (macro)  R (macro)  F1 (macro)
Iteration 0    0.496863   0.921392   0.469963   0.358524    0.364784
Iteration 1    0.508712   0.931117   0.335920   0.343491    0.339604
Iteration 2    0.504603   0.787859   0.543749   0.361359    0.358363

Epoch: 119
             Train loss  Test loss  P (macro)  R (macro)  F1 (macro)
Iteration 0    0.498145   0.820936   0.517248   0.368430    0.376930
Iteration 1    0.498766   0.849429   0.335349   0.339281    0.330744
Iteration 2    0.502309   0.801554   0.689674   0.361497    0.364011

Epoch: 120
             Train loss  Test loss  P (macro)  R (macro)  F1 (macro)
Iteration 0    0.503811   0.767883   0.524535   0.371392    0.380065
Iteration 1    0.497285   0.912027   0.337897   0.342487    0.336271
Iteration 2    0.501872   0.811277   0.527610   0.357099    0.354644

Epoch: 121
             Train loss  Test loss  P (macro)  R (macro)  F1 (macro)
Iteration 0    0.493946   0.915916   0.506986   0.363705    0.368723
Iteration 1    0.497849   0.932263   0.333424   0.340463    0.336246
Iteration 2    0.509856   0.791442   0.553721   0.364011    0.361057

Epoch: 122
             Train loss  Test loss  P (macro)  R (macro)  F1 (macro)
Iteration 0    0.505334   0.919899   0.483645   0.374704    0.379146
Iteration 1    0.493110   0.868276   0.336334   0.338636    0.326874
Iteration 2    0.502116   0.829906   0.344675   0.347302    0.342524

Epoch: 123
             Train loss  Test loss  P (macro)  R (macro)  F1 (macro)
Iteration 0    0.495460   0.778098   0.522515   0.367802    0.375685
Iteration 1    0.506114   0.845052   0.333290   0.337119    0.325839
Iteration 2    0.502861   0.767141   0.358990   0.353732    0.347932

Epoch: 124
             Train loss  Test loss  P (macro)  R (macro)  F1 (macro)
Iteration 0    0.503834   0.770788   0.517035   0.364628    0.372234
Iteration 1    0.492994   0.927781   0.343007   0.349953    0.346219
Iteration 2    0.497801   0.775769   0.470767   0.359172    0.359166

Epoch: 125
             Train loss  Test loss  P (macro)  R (macro)  F1 (macro)
Iteration 0    0.495611   0.935452   0.507059   0.363566    0.369021
Iteration 1    0.496560   0.859443   0.349697   0.351292    0.346577
Iteration 2    0.507820   0.801873   0.473553   0.361897    0.363036

Epoch: 126
             Train loss  Test loss  P (macro)  R (macro)  F1 (macro)
Iteration 0    0.497372   0.893475   0.518168   0.375357    0.381150
Iteration 1    0.498726   0.856780   0.337147   0.340505    0.331890
Iteration 2    0.499283   0.791377   0.374316   0.354670    0.345485

Epoch: 127
             Train loss  Test loss  P (macro)  R (macro)  F1 (macro)
Iteration 0    0.501260   0.770388   0.523445   0.368324    0.376372
Iteration 1    0.492146   0.920007   0.337001   0.343205    0.338931
Iteration 2    0.496461   0.779020   0.533202   0.361595    0.361415

Epoch: 128
             Train loss  Test loss  P (macro)  R (macro)  F1 (macro)
Iteration 0    0.495682   0.845269   0.451949   0.361298    0.368469
Iteration 1    0.494648   0.873953   0.337737   0.341394    0.334119
Iteration 2    0.501082   0.779562   0.506052   0.370667    0.376137

Epoch: 129
             Train loss  Test loss  P (macro)  R (macro)  F1 (macro)
Iteration 0    0.497788   0.921343   0.459775   0.372526    0.376905
Iteration 1    0.492268   0.905106   0.336971   0.340301    0.331701
Iteration 2    0.495756   0.833197   0.512003   0.351779    0.351085

Epoch: 130
             Train loss  Test loss  P (macro)  R (macro)  F1 (macro)
Iteration 0    0.489709   0.807605   0.513071   0.364073    0.372388
Iteration 1    0.489278   0.937599   0.331064   0.337592    0.331566
Iteration 2    0.503505   0.861121   0.343689   0.343018    0.333474

Epoch: 131
             Train loss  Test loss  P (macro)  R (macro)  F1 (macro)
Iteration 0    0.496742   0.775550   0.590770   0.376786    0.386400
Iteration 1    0.487402   0.912544   0.329027   0.335266    0.326245
Iteration 2    0.497513   0.809465   0.694186   0.361057    0.362144

Epoch: 132
             Train loss  Test loss  P (macro)  R (macro)  F1 (macro)
Iteration 0    0.488360   0.937132   0.506330   0.362269    0.368414
Iteration 1    0.489096   0.901374   0.340539   0.343344    0.336192
Iteration 2    0.502839   0.794013   0.479775   0.359662    0.357360

Epoch: 133
             Train loss  Test loss  P (macro)  R (macro)  F1 (macro)
Iteration 0    0.494091   0.903115   0.514626   0.371775    0.377271
Iteration 1    0.488050   0.928565   0.342456   0.346233    0.340837
Iteration 2    0.498619   0.791131   0.515681   0.351428    0.347649

Epoch: 134
             Train loss  Test loss  P (macro)  R (macro)  F1 (macro)
Iteration 0    0.492019   0.828564   0.508944   0.362473    0.370589
Iteration 1    0.484895   0.927198   0.334782   0.339101    0.331060
Iteration 2    0.495178   0.818555   0.695934   0.359735    0.359224

Epoch: 135
             Train loss  Test loss  P (macro)  R (macro)  F1 (macro)
Iteration 0    0.486388   0.914416   0.474091   0.362579    0.369242
Iteration 1    0.484720   0.944777   0.326276   0.333610    0.324198
Iteration 2    0.493008   0.827031   0.699038   0.362028    0.362431

Epoch: 136
             Train loss  Test loss  P (macro)  R (macro)  F1 (macro)
Iteration 0    0.488583   0.824811   0.522557   0.375611    0.383950
Iteration 1    0.484508   0.940167   0.336479   0.340758    0.333068
Iteration 2    0.494924   0.817987   0.699562   0.362232    0.362643

Epoch: 137
             Train loss  Test loss  P (macro)  R (macro)  F1 (macro)
Iteration 0    0.491115   0.808553   0.484334   0.366676    0.374559
Iteration 1    0.484656   0.944861   0.338886   0.343303    0.337051
Iteration 2    0.492995   0.801522   0.364742   0.351292    0.341812

Epoch: 138
             Train loss  Test loss  P (macro)  R (macro)  F1 (macro)
Iteration 0    0.485823   0.878537   0.518287   0.373668    0.380882
Iteration 1    0.483464   0.957118   0.334129   0.339126    0.331528
Iteration 2    0.491257   0.823133   0.361084   0.352524    0.345375

Epoch: 139
             Train loss  Test loss  P (macro)  R (macro)  F1 (macro)
Iteration 0    0.487886   0.866187   0.564401   0.363616    0.371671
Iteration 1    0.484322   0.985340   0.335767   0.339942    0.332308
Iteration 2    0.490057   0.849138   0.359567   0.351912    0.344753

Epoch: 140
             Train loss  Test loss  P (macro)  R (macro)  F1 (macro)
Iteration 0    0.486631   0.837454   0.512992   0.366512    0.374651
Iteration 1    0.481481   0.938571   0.339412   0.341296    0.332116
Iteration 2    0.489574   0.822862   0.361349   0.351341    0.342966

Epoch: 141
             Train loss  Test loss  P (macro)  R (macro)  F1 (macro)
Iteration 0    0.483856   0.869321   0.455600   0.364791    0.372025
Iteration 1    0.480786   0.997201   0.346573   0.350231    0.345936
Iteration 2    0.491037   0.806393   0.353719   0.349236    0.341574

Epoch: 142
             Train loss  Test loss  P (macro)  R (macro)  F1 (macro)
Iteration 0    0.483213   0.861650   0.512225   0.365582    0.373775
Iteration 1    0.487487   0.982954   0.347582   0.352622    0.349002
Iteration 2    0.490664   0.816860   0.695734   0.358462    0.356993

Epoch: 143
             Train loss  Test loss  P (macro)  R (macro)  F1 (macro)
Iteration 0    0.481821   0.847678   0.514555   0.367304    0.375664
Iteration 1    0.480968   0.922404   0.341360   0.341794    0.332321
Iteration 2    0.488833   0.838228   0.689682   0.355900    0.354172

Epoch: 144
             Train loss  Test loss  P (macro)  R (macro)  F1 (macro)
Iteration 0    0.481972   0.859959   0.513727   0.366920    0.375170
Iteration 1    0.486891   0.944227   0.333091   0.339175    0.332374
Iteration 2    0.487838   0.823978   0.362467   0.351749    0.343375

Epoch: 145
             Train loss  Test loss  P (macro)  R (macro)  F1 (macro)
Iteration 0    0.481842   0.862452   0.515842   0.368324    0.376754
Iteration 1    0.479684   0.921214   0.342919   0.344544    0.336917
Iteration 2    0.489558   0.808904   0.696947   0.360257    0.360002

Epoch: 146
             Train loss  Test loss  P (macro)  R (macro)  F1 (macro)
Iteration 0    0.480778   0.838730   0.524322   0.373897    0.382893
Iteration 1    0.489422   0.959792   0.343720   0.345613    0.338782
Iteration 2    0.486825   0.819512   0.698336   0.360233    0.359526

Epoch: 147
             Train loss  Test loss  P (macro)  R (macro)  F1 (macro)
Iteration 0    0.479925   0.879315   0.515803   0.369099    0.377328
Iteration 1    0.479976   1.017962   0.340875   0.346926    0.342851
Iteration 2    0.487615   0.843277   0.361336   0.351455    0.343357

Epoch: 148
             Train loss  Test loss  P (macro)  R (macro)  F1 (macro)
Iteration 0    0.481633   0.869188   0.513966   0.366349    0.374763
Iteration 1    0.481630   0.953422   0.335419   0.338571    0.327815
Iteration 2    0.486566   0.834208   0.369109   0.355380    0.348331

Epoch: 149
             Train loss  Test loss  P (macro)  R (macro)  F1 (macro)
Iteration 0    0.478732   0.864281   0.516647   0.369164    0.377613
Iteration 1    0.479121   1.020670   0.341701   0.346420    0.341827
Iteration 2    0.485176   0.809926   0.370184   0.356947    0.350564

Epoch: 150
             Train loss  Test loss  P (macro)  R (macro)  F1 (macro)
Iteration 0    0.478855   0.859614   0.514185   0.366668    0.375073
Iteration 1    0.484030   1.024019   0.343320   0.348444    0.344385
Iteration 2    0.484569   0.830284   0.365565   0.353406    0.345563

Epoch: 151
             Train loss  Test loss  P (macro)  R (macro)  F1 (macro)
Iteration 0    0.477106   0.882049   0.517321   0.370437    0.378731
Iteration 1    0.479845   0.963476   0.334046   0.338963    0.330186
Iteration 2    0.486555   0.850781   0.705454   0.364272    0.364811

Epoch: 152
             Train loss  Test loss  P (macro)  R (macro)  F1 (macro)
Iteration 0    0.477337   0.868868   0.520682   0.372110    0.380820
Iteration 1    0.475414   1.004379   0.328287   0.335731    0.329476
Iteration 2    0.484177   0.837052   0.370459   0.355992    0.348941

Epoch: 153
             Train loss  Test loss  P (macro)  R (macro)  F1 (macro)
Iteration 0    0.475278   0.851901   0.525456   0.376125    0.385079
Iteration 1    0.479802   1.002909   0.328418   0.334809    0.324704
Iteration 2    0.483465   0.843104   0.364649   0.354589    0.347904

Epoch: 154
             Train loss  Test loss  P (macro)  R (macro)  F1 (macro)
Iteration 0    0.479253   0.874897   0.515234   0.368144    0.376478
Iteration 1    0.480563   0.983819   0.333073   0.338579    0.330325
Iteration 2    0.486214   0.850500   0.696288   0.359735    0.359245

Epoch: 155
             Train loss  Test loss  P (macro)  R (macro)  F1 (macro)
Iteration 0    0.477706   0.869205   0.518478   0.371457    0.379793
Iteration 1    0.476593   1.023912   0.341527   0.346649    0.342209
Iteration 2    0.483739   0.849461   0.368019   0.352631    0.343446

Epoch: 156
             Train loss  Test loss  P (macro)  R (macro)  F1 (macro)
Iteration 0    0.477395   0.865660   0.684360   0.363904    0.367083
Iteration 1    0.474490   1.024157   0.329519   0.336017    0.327703
Iteration 2    0.481961   0.866700   0.366168   0.356612    0.351552

Epoch: 157
             Train loss  Test loss  P (macro)  R (macro)  F1 (macro)
Iteration 0    0.476859   0.866567   0.576823   0.373815    0.382747
Iteration 1    0.472228   1.044498   0.326730   0.334524    0.327020
Iteration 2    0.481610   0.866728   0.378822   0.355054    0.345283

Epoch: 158
             Train loss  Test loss  P (macro)  R (macro)  F1 (macro)
Iteration 0    0.475473   0.875728   0.520606   0.372657    0.381252
Iteration 1    0.472041   1.025888   0.667785   0.346084    0.344147
Iteration 2    0.483700   0.883407   0.351342   0.349627    0.343395

Epoch: 159
             Train loss  Test loss  P (macro)  R (macro)  F1 (macro)
Iteration 0    0.476417   0.896910   0.516016   0.369531    0.377691
Iteration 1    0.474647   1.056580   0.332737   0.338905    0.332655
Iteration 2    0.489466   0.888592   0.699927   0.364892    0.366944

Epoch: 160
             Train loss  Test loss  P (macro)  R (macro)  F1 (macro)
Iteration 0    0.474344   0.845760   0.532550   0.379862    0.389473
Iteration 1    0.471992   1.063082   0.334262   0.338693    0.330678
Iteration 2    0.479242   0.950237   0.378033   0.354850    0.345077

Epoch: 161
             Train loss  Test loss  P (macro)  R (macro)  F1 (macro)
Iteration 0    0.479312   0.878895   0.520945    0.37211    0.380892
Iteration 1    0.550171   1.092768   0.331878    0.33543    0.319168
Iteration 2    0.572739   0.850641   0.374483    0.36292    0.359054

Epoch: 162
             Train loss  Test loss  P (macro)  R (macro)  F1 (macro)
Iteration 0    0.476897   0.916453   0.515074   0.369148    0.377084
Iteration 1    0.474876   1.034615   0.341512   0.347563    0.343597
Iteration 2    0.486643   0.856180   0.363915   0.353634    0.346237

Epoch: 163
             Train loss  Test loss  P (macro)  R (macro)  F1 (macro)
Iteration 0    0.481212   0.849713   0.685416   0.361758    0.364997
Iteration 1    0.492176   1.015535   0.336941   0.341051    0.333118
Iteration 2    0.508109   0.887085   0.359593   0.348273    0.337260

Epoch: 164
             Train loss  Test loss  P (macro)  R (macro)  F1 (macro)
Iteration 0    0.475570   0.947320   0.513520   0.369066    0.376121
Iteration 1    0.490852   1.030899   0.344147   0.345751    0.339523
Iteration 2    0.497309   0.858472   0.351822   0.347147    0.338641

Epoch: 165
             Train loss  Test loss  P (macro)  R (macro)  F1 (macro)
Iteration 0    0.482078   0.898812   0.521670   0.374884    0.383159
Iteration 1    0.473901   1.074616   0.339937   0.345515    0.340969
Iteration 2    0.482920   0.881403   0.491645   0.358789    0.352067

Epoch: 166
             Train loss  Test loss  P (macro)  R (macro)  F1 (macro)
Iteration 0    0.483842   0.879898   0.580385   0.374077    0.383477
Iteration 1    0.476992   1.078894   0.335638   0.341059    0.334885
Iteration 2    0.504075   0.880498   0.361257   0.348045    0.336509

Epoch: 167
             Train loss  Test loss  P (macro)  R (macro)  F1 (macro)
Iteration 0    0.475770   0.948748   0.562755   0.362212    0.370086
Iteration 1    0.473839   1.054849   0.335227   0.340855    0.334684
Iteration 2    0.499636   0.856678   0.529774   0.363146    0.364741

Epoch: 168
             Train loss  Test loss  P (macro)  R (macro)  F1 (macro)
Iteration 0    0.477773   0.876491   0.575910   0.371131    0.380290
Iteration 1    0.473249   1.044347   0.336217   0.342153    0.336800
Iteration 2    0.482786   0.855752   0.383167   0.354279    0.342795

Epoch: 169
             Train loss  Test loss  P (macro)  R (macro)  F1 (macro)
Iteration 0    0.475228   0.902292   0.518922   0.370454    0.379099
Iteration 1    0.473907   1.089220   0.321248   0.331374    0.316736
Iteration 2    0.487453   0.861619   0.359022   0.350958    0.343088

Epoch: 170
             Train loss  Test loss  P (macro)  R (macro)  F1 (macro)
Iteration 0    0.476176   0.912359   0.574328   0.372094    0.380781
Iteration 1    0.468091   1.130183   0.338453   0.344886    0.340811
Iteration 2    0.491030   0.851061   0.349425   0.347857    0.341222

Epoch: 171
             Train loss  Test loss  P (macro)  R (macro)  F1 (macro)
Iteration 0    0.474880   0.887365   0.516666   0.367614    0.376182
Iteration 1    0.473974   1.153516   0.328003   0.335715    0.330473
Iteration 2    0.482921   0.868612   0.368787   0.352720    0.343219

Epoch: 172
             Train loss  Test loss  P (macro)  R (macro)  F1 (macro)
Iteration 0    0.474145   0.901548   0.514852   0.368715    0.376739
Iteration 1    0.484390   1.088533   0.327363   0.334997    0.326779
Iteration 2    0.483511   0.868618   0.362549   0.353887    0.347410

Epoch: 173
             Train loss  Test loss  P (macro)  R (macro)  F1 (macro)
Iteration 0    0.473258   0.896442   0.350227   0.356693    0.353190
Iteration 1    0.466575   1.150101   0.321522   0.330158    0.324734
Iteration 2    0.480516   0.870589   0.386037   0.356050    0.345638

Epoch: 174
             Train loss  Test loss  P (macro)  R (macro)  F1 (macro)
Iteration 0    0.470642   0.885443   0.580542   0.376239    0.385502
Iteration 1    0.488575   1.127219   0.336505   0.342153    0.336817
Iteration 2    0.482737   0.912501   0.365930   0.351292    0.342004

Epoch: 175
             Train loss  Test loss  P (macro)  R (macro)  F1 (macro)
Iteration 0    0.473384   0.901875   0.485489   0.371343    0.379384
Iteration 1    0.467800   1.072649   0.673218   0.350196    0.350406
Iteration 2    0.486068   0.862235   0.353117   0.348967    0.342187

Epoch: 176
             Train loss  Test loss  P (macro)  R (macro)  F1 (macro)
Iteration 0    0.472367   0.908770   0.516775   0.369368    0.377791
Iteration 1    0.469040   1.212107   0.332019   0.339076    0.334534
Iteration 2    0.479096   0.841225   0.388841   0.363818    0.358557

Epoch: 177
             Train loss  Test loss  P (macro)  R (macro)  F1 (macro)
Iteration 0    0.472038   0.898209   0.571825   0.366521    0.375346
Iteration 1    0.516499   1.177961   0.337538   0.344674    0.341061
Iteration 2    0.481004   0.877407   0.366516   0.358497    0.353881

Epoch: 178
             Train loss  Test loss  P (macro)  R (macro)  F1 (macro)
Iteration 0    0.470926   0.928676   0.518039   0.373146    0.380538
Iteration 1    0.483709   1.099319   0.346153   0.350574    0.346460
Iteration 2    0.476806   0.918636   0.367373   0.352427    0.343241

Epoch: 179
             Train loss  Test loss  P (macro)  R (macro)  F1 (macro)
Iteration 0    0.472726   0.840351   0.586542   0.376362    0.386114
Iteration 1    0.469705   1.155871   0.328237   0.334720    0.324916
Iteration 2    0.476548   0.880975   0.366137   0.356906    0.351511

Epoch: 180
             Train loss  Test loss  P (macro)  R (macro)  F1 (macro)
Iteration 0    0.470827   0.907631   0.519317   0.372502    0.380777
Iteration 1    0.512457   1.130817   0.330473   0.336498    0.329470
Iteration 2    0.484249   0.851100   0.368745   0.358791    0.354270

Epoch: 181
             Train loss  Test loss  P (macro)  R (macro)  F1 (macro)
Iteration 0    0.475323   0.912647   0.518349   0.371229    0.379575
Iteration 1    0.465551   1.008769   0.341737   0.346877    0.342614
Iteration 2    0.474051   0.869172   0.361349   0.351341    0.342966

Epoch: 182
             Train loss  Test loss  P (macro)  R (macro)  F1 (macro)
Iteration 0    0.471087   0.926503   0.564267   0.361584    0.370216
Iteration 1    0.484009   0.958501   0.347658   0.347653    0.340799
Iteration 2    0.474124   0.883832   0.354874   0.348689    0.340341

Epoch: 183
             Train loss  Test loss  P (macro)  R (macro)  F1 (macro)
Iteration 0    0.469802   0.887173   0.492789   0.376419    0.385011
Iteration 1    0.475924   1.059132   0.344993   0.348118    0.343253
Iteration 2    0.473248   0.901671   0.366790   0.352067    0.344665

Epoch: 184
             Train loss  Test loss  P (macro)  R (macro)  F1 (macro)
Iteration 0    0.471609   0.905850   0.489342   0.376794    0.384248
Iteration 1    0.490128   1.178608   0.313413   0.325915    0.313680
Iteration 2    0.474592   0.912819   0.361920   0.353773    0.347021

Epoch: 185
             Train loss  Test loss  P (macro)  R (macro)  F1 (macro)
Iteration 0    0.468524   0.921384   0.348605   0.355583    0.351930
Iteration 1    0.580932   1.087580   0.336508   0.342495    0.337497
Iteration 2    0.474313   0.915762   0.354441   0.347188    0.337180

Epoch: 186
             Train loss  Test loss  P (macro)  R (macro)  F1 (macro)
Iteration 0    0.470883   0.923213   0.677637   0.357482    0.360484
Iteration 1    0.464709   1.026633   0.336435   0.341900    0.336005
Iteration 2    0.473489   0.926970   0.369902   0.352288    0.342184

Epoch: 187
             Train loss  Test loss  P (macro)  R (macro)  F1 (macro)
Iteration 0    0.471016   0.917666   0.526125   0.378671    0.387176
Iteration 1    0.469250   1.004145   0.336237   0.340578    0.333333
Iteration 2    0.486479   0.914987   0.341375   0.338988    0.321734

Epoch: 188
             Train loss  Test loss  P (macro)  R (macro)  F1 (macro)
Iteration 0    0.467091   0.890760   0.580287   0.371596    0.380689
Iteration 1    0.473811   1.036494   0.331796   0.338408    0.332338
Iteration 2    0.478103   0.922094   0.360383   0.355209    0.350127

Epoch: 189
             Train loss  Test loss  P (macro)  R (macro)  F1 (macro)
Iteration 0    0.489247   0.931276   0.577284   0.374770    0.383562
Iteration 1    0.465462   1.000826   0.340625   0.345123    0.339867
Iteration 2    0.475086   0.949041   0.381944   0.354711    0.344020

Epoch: 190
             Train loss  Test loss  P (macro)  R (macro)  F1 (macro)
Iteration 0    0.470100   0.944247   0.461794   0.370437    0.377875
Iteration 1    0.472126   0.998449   0.350314   0.351153    0.346077
Iteration 2    0.490316   0.904941   0.383262   0.352802    0.339791

Epoch: 191
             Train loss  Test loss  P (macro)  R (macro)  F1 (macro)
Iteration 0    0.469393   0.928215   0.480397   0.364824    0.372853
Iteration 1    0.467006   1.084601   0.337388   0.341827    0.334911
Iteration 2    0.472220   0.957161   0.348528   0.350843    0.346695

Epoch: 192
             Train loss  Test loss  P (macro)  R (macro)  F1 (macro)
Iteration 0    0.472012   0.964657   0.521067   0.373726    0.382179
Iteration 1    0.581726   1.087162   0.336137   0.342087    0.337108
Iteration 2    0.488809   1.001014   0.354533   0.346984    0.337150

Epoch: 193
             Train loss  Test loss  P (macro)  R (macro)  F1 (macro)
Iteration 0    0.489132   0.926798   0.487477   0.373636    0.381602
Iteration 1    0.553016   1.000333   0.342750   0.345890    0.340086
Iteration 2    0.530317   0.899816   0.369816   0.351333    0.340238

Epoch: 194
             Train loss  Test loss  P (macro)  R (macro)  F1 (macro)
Iteration 0    0.478627   0.895110   0.485907   0.367174    0.375120
Iteration 1    0.468281   0.988841   0.329813   0.336474    0.329036
Iteration 2    0.474243   0.880928   0.365610   0.359680    0.355695

Epoch: 195
             Train loss  Test loss  P (macro)  R (macro)  F1 (macro)
Iteration 0    0.471765   0.973922   0.575695   0.374754    0.382910
Iteration 1    0.465162   0.996209   0.330671   0.337224    0.330344
Iteration 2    0.471583   0.936295   0.375954   0.353283    0.342513

Epoch: 196
             Train loss  Test loss  P (macro)  R (macro)  F1 (macro)
Iteration 0    0.466966   0.933166   0.573525   0.367859    0.376784
Iteration 1    0.494937   0.990546   0.338033   0.342577    0.336182
Iteration 2    0.485261   0.970665   0.402275   0.357826    0.354707

Epoch: 197
             Train loss  Test loss  P (macro)  R (macro)  F1 (macro)
Iteration 0    0.518881   0.883186   0.496703   0.348921    0.352749
Iteration 1    0.471990   1.011468   0.340724   0.345694    0.340993
Iteration 2    0.473242   0.909326   0.369064   0.356539    0.350137

Epoch: 198
             Train loss  Test loss  P (macro)  R (macro)  F1 (macro)
Iteration 0    0.469032   0.924375   0.513152   0.367288    0.375196
Iteration 1    0.476565   0.970683   0.337700   0.340660    0.330951
Iteration 2    0.471013   0.901690   0.366072   0.354997    0.348349

Epoch: 199
             Train loss  Test loss  P (macro)  R (macro)  F1 (macro)
Iteration 0    0.471909   0.894036   0.573870   0.368724    0.377771
Iteration 1    0.470213   1.039123   0.326977   0.334597    0.328238
Iteration 2    0.469446   1.019215   0.361633   0.348502    0.338597

Epoch: 200
             Train loss  Test loss  P (macro)  R (macro)  F1 (macro)
Iteration 0    0.473886   0.898596   0.572151   0.366521    0.375406
Iteration 1    0.481010   1.084199   0.337284   0.344323    0.340368
Iteration 2    0.586426   1.016378   0.320669   0.330052    0.312190

